979
915
916
935
959
968
945
893
841
836
898
970
1010
1015
980
949
899
875
896
941
983
1006
957
902
856
857
913
974
1014
1007
986
971
952
915
898
905
901
839
781
790
904
1007
1008
965
932
899
813
771
820
868
905
937
941
949
949
933
905
881
913
953
986
990
977
958
949
964
969
953
917
882
870
867
896
962
1009
1015
1000
973
942
919
894
904
908
894
872
838
825
869
945
984
973
937
922
919
924
922
917
928
938
956
966
943
883
823
799
874
1012
1033
1053
1039
1013
985
962
937
920
889
899
920
925
914
907
896
866
832
816
854
945
991
979
954
932
903
889
882
865
834
813
822
886
1002
1036
1030
996
943
934
901
877
869
888
882
867
848
840
886
973
1004
992
983
958
950
936
912
901
894
884
912
937
899
865
840
832
892
1018
1099
1099
1052
1021
974
938
892
886
886
896
917
917
930
905
876
850
844
863
926
968
954
923
911
894
864
858
861
881
896
909
887
844
814
795
813
922
984
1011
1010
965
931
873
793
773
806
842
859
887
863
830
808
815
863
913
960
965
943
920
896
910
912
899
876
866
891
980
1023
1025
1008
970
946
938
922
927
919
885
862
866
916
1001
1034
1034
1003
987
964
914
870
889
964
1041
1042
998
997
986
938
890
914
979
1008
1001
964
897
901
946
994
1005
977
971
957
937
936
927
947
930
884
861
845
896
967
1007
993
974
957
938
905
895
884
871
844
823
827
881
967
1001
1004
962
915
897
846
812
778
772
791
857
958
1022
1008
997
974
948
884
828
799
816