872
901
889
877
879
915
890
924
974
1000
944
935
968
977
938
985
996
990
1003
908
911
934
1015
1088
1003
997
1005
996
1042
989
907
898
956
954
986
912
860
842
997
1040
987
1081
1042
998
1008
976
1021
962
999
1074
1096
1086
1053
1065
1099
1044
1070
1106
1041
1070
1050
1060
1122
1135
1146
1140
1047
1017
1044
1069
1072
1042
1121
1082
1049
1073
1052
1032
1007
1085
1067
1016
1065
1065
1133
1079
1049
1109
1074
1063
1053
1094
1064
1086
1017
1049
1100
1203
1112
1125
1096
1033
979
1021
1087
1107
1066
967
1021
1027
1053
1088
1018
1047
1054
1052
1072
996
1014
1084
1126
1135
1087
1025
1077
1104
1112
1091
1057
1074
1072
1096
1013
1031
1093
1137
1089
1045
1064
1084
1096
1114
1022
1064
1027
1105
1085
1145
1134
1188
1090
1043
1058
1060
1060
1029
1018
1138
1136
1130
1061
1078
1152
1139
1081
1068
1064
1122
1105
1120
1083
1087
1045
1101
1067
1039
1106
1131
1063
1057
1095
1115
1034
1058
1069
1077
1108
1086
1030
1021
1043
1090
1037
1063
1068
980
968
888
948
1234
1141
1104
1124
1047
1065
1074
1076
1073
1024
1099
1087
1049
1017
1050
1028
1071
1027
1035
1089
1108
1143
1097
1116
1091
1121
1055
1062
1076
1106
1081
1064
1104
1062
1043
1089
1087
1026
1046
1057
1082
1014
1031
1042
1068
1029
1077
1075
1095
1076
1061
1068
1071
1115
1092
1058
1122
1148
1076
1092
1059
1041
979
1030
1056
1074
1028
1032
1044
1106
1041
1053
1096
1057
1018
1019
1075
1019
1039
1088
1087
1027
1016
1041
1067
1068
1015
1012