969
962
962
960
926
938
929
936
949
925
942
943
959
961
949
959
938
945
953
936
950
949
938
964
963
922
868
901
901
896
918
923
912
913
932
907
896
916
914
905
921
908
911
927
926
936
944
931
941
934
923
945
939
941
953
932
933
927
919
932
920
927
924
923
936
937
943
953
937
948
951
944
951
946
934
942
916
924
930
924
931
917
923
921
902
906
909
928
943
935
946
941
953
953
942
957
943
952
956
938
941
930
913
931
946
931
944
932
930
935
921
903
920
929
912
920
924
914
929
920
925
928
914
930
925
914
921
905
912
912
911
939
938
944
946
927
938
921
920
922
916
943
937
933
958
929
917
928
913
913
924
911
906
920
897
891
898
891
909
907
915
911
913
916
905
910
901
896
913
914
926
937
924
929
912
915
906
911
918
904
905
906
910
930
937
926
935
946
933
940
940
923
937
939
938
947
936
917
939
931
932
935
917
934
938
925
936
929
938
950
931
939
942
931
955
956
952
959
956
945
931
918
920
912
918
928
920
934
930
919
936
917
921
927
909
922
915
904
925
928
928
934
922
931
930
916
930
922
919
923
908
914
904
911
927
922
926
934
927
938
919
912
926
920
921
935
926
934
937
926
935
921
918
932
919
938
930
914
927
938
927
937
937
926
933
920
920
913
897
905
911
897
916
911
912
914
900
909
905
906
916
907
900
909
907
914
916
910
916
905
900
911
903
926
933
918
918
918
908
926
926
938
949
945
939
944
925