827
1031
1073
1019
911
936
999
964
830
859
1131
1175
1108
860
942
1080
1047
908
955
1040
913
969
1180
934
890
1159
1163
989
946
1183
1068
879
1040
1245
1137
1074
1024
1117
982
871
1033
1213
1015
878
1026
1129
994
852
899
1137
1127
967
836
875
999
1042
864
847
981
934
856
918
812
796
856
1049
1041
1034
868
792
794
832
901
991
945
824
778
815
918
1019
988
822
788
834
852
927
1031
849
778
810
904
1003
843
881
953
1000
851
821
897
998
977
858
790
811
890
951
1015
852
843
905
944
938
842
841
896
1033
920
831
884
998
1030
860
878
915
996
919
842
980
1049
1028
836
833
888
946
913
838
880
1082
1034
936
855
863
901
1047
1051
951
956
996
1018
922
890
919
957
910
813
853
994
1064
1100
894
821
854
980
937
838
845
852
820
892
1059
1032
902
810
807
844
926
967
866
800
842
1012
1082
990
854
843
885
925
887
828
857
965
1014
904
878
926
972
917
815
860
970
953
826
838
896
987
1057
1026
858
868
945
942
880
807
831
878
859
816
870
927
962
967
835
863
880
929
862
943
995
964
858
903
956
961
837
865
950
960
860
851
929
988
958
864
909
920
901
820
789
830
984
978
954
889
931
962
888
845
917
1024
1034
965
876
912
1014
908
823
878
1061
1092
957
938
990
991
903
973
1006
970
878
884
963
976
847
834
842
926
984
994
978
920
831
842
926
1044
917
921
1001
1036
1021
931
933
1024
1067
917
931
999
988
866
842
910
972
1025
889
887
971
1036
913
903
969
980
961
853
829
866