795
796
784
822
836
826
814
841
863
854
819
830
832
805
793
793
780
802
814
797
792
812
815
787
810
816
796
796
824
850
863
838
866
874
865
848
868
860
837
842
859
867
850
879
896
883
846
874
890
892
862
880
886
865
851
873
872
855
846
860
863
828
836
833
818
808
814
807
771
771
764
751
741
763
762
755
750
769
770
755
767
772
766
753
769
759
740
737
743
738
710
684
688
746
748
760
756
751
771
785
784
768
789
794
792
768
780
783
783
769
785
789
778
771
778
787
771
768
781
781
776
768
773
774
764
758
773
774
764
757
768
765
754
750
767
786
785
764
771
775
763
744
747
757
745
740
758
753
736
733
745
749
729
721
732
746
753
764
780
791
785
771
785
777
761
745
753
748
730
732
752
760
731
725
728
734
745
759
752
755
772
779
776
776
796
800
794
784
796
791
774
773
786
791
777
772
786
784
780
769
794
798
796
789
805
801
793
771
780
771
771
752
762
764
759
746
761
771
771
753
763
767
772
770
791
820
834
837
838
865
874
843
853
862
859
835
843
869
876
854
835
862
857
848
822
840
843
850
830
830
849
853
843
819
824
828
821
792
804
803
803
776
770
771
767
752
755
778
803
786
773
780
795
794
774
775
786
777
754
745
747
743
739
738
749
754
743
732
734
737
737
726
739
755
757
745
749
763
783
805
811
823
828
816
809
826
817
790
784
780
809
809
797
795
814
810
785
791
805
815
804
807
826
842
840
813
822
820
799
785
784
788
814
804
814
834
839
812
807
818
835
843
817
818
799
773
820
833
835
839
844
837
837
835
834
832
829
830
829
828
830
829
827
817
814
810
810
801
789
773
783
785
791
782
783
793
791
775
767
771
767
758