915
906
894
864
478
1175
763
753
443
1160
811
402
1149
768
402
1104
726
710
729
769
910
988
943
824
436
1098
756
442
989
695
681
736
895
926
874
849
403
1263
799
437
1083
724
713
838
415
1293
843
832
406
1231
766
405
1044
715
754
990
909
851
821
781
773
764
765
775
841
407
1284
842
843
416
1225
795
434
1033
716
709
819
465
1314
896
871
866
436
1162
759
465
981
724
780
894
932
899
887
871
862
441
1221
783
406
1056
748
771
846
810
801
760
786
832
830
779
752
770
811
849
884
846
443
1195
801
401
1064
721
720
867
442
1299
856
845
408
1244
771
410
1037
728
760
848
922
879
866
443
1194
774
463
1026
763
781
804
434
1138
786
410
1063
744
738
807
449
1104
732
722
733
722
725
797
889
951
901
897
868
422
1232
779
440
1105
771
432
894
992
406
1105
746
740
853
904
890
868
840
826
816
841
856
866
861
859
833
431
1188
775
771
795
832
850
860
819
789
785
781
776
801
836
860
875
873
421
1276
852
808
789
787
795
894
926
903
884
881
847
817
807
805
828
857
873
876
864
413
1271
809
412
1132
756
763
818
433
1250
842
816
785
771
812
933
934
896
874
866
829
806
780
772
777
813
830
426
1231
819
452
1114
759
743
769
779
828
410
1214
774
410
1051
729
712
728
784
855
919
887
867
881
872
835
817
813
839
892
902
902
891
879
859
414
1232
791
421
1143
780
438
1150
820
790
784
795
903
961
911
906
877
420
1263
821
426
1226
834
833
846
859
833
823
805
805
837
869
873
866
436
1227
812
415
1169
771
762
410
1111
772
799
846
878
837
852
417
1279
853
849
432
1207
791
410
1079
756
810
913
877
870
415
1272
811
447
1105
747
753
804
851
438
1191
780
780
813