895
854
870
891
896
861
821
813
844
875
889
865
870
918
926
921
881
848
818
806
844
908
938
940
912
924
960
959
930
945
974
991
974
943
1001
995
977
937
986
995
975
933
985
997
1009
965
998
1018
1015
969
982
1009
1030
982
1000
1033
1045
996
1003
1039
1026
982
1021
1055
1046
988
1023
1042
1009
966
1015
1033
990
969
1016
1038
1013
965
1003
1025
1023
981
969
1024
1036
1025
969
1012
1030
1018
965
983
1021
1021
982
980
1036
1034
999
972
1017
1018
999
956
1011
1021
1002
969
1023
1036
1021
980
1012
1041
1026
974
1009
1013
994
945
991
1021
1017
961
999
1023
1000
964
1010
1023
1009
967
1012
1024
989
965
1000
998
950
956
988
987
962
958
1000
1003
961
983
996
1003
956
977
984
971
925
955
972
959
922
956
976
956
924
966
980
954
932
974
983
981
956
975
1000
1005
981
989
1020
1029
985
999
1000
971
933
979
1001
990
942
972
983
961
922
956
979
966
928
979
985
956
958
1010
1025
974
975
1007
1016
962
989
1005
1001
965
983
1000
1013
980
948
979
975
942
931
961
963
937
913
961
964
949
920
963
974
970
944
958
985
984
949
968
982
984
944
974
984
978
937
968
980
972
946
985
1005
988
952
996
995
970
944
991
1003
967
926
965
962
937
936
964
958
938
975
987
971
939
980
987
971
946
980
963
914
956
973
941
938
972
937
907
956
955
929
935
967
974
933
935
966
957
930
959
992
968
926
955
968
960
917
943
955
941
912
950
974
963
925