827
792
794
782
810
897
1016
885
973
977
925
1005
928
955
922
895
948
883
957
909
953
935
896
903
852
854
919
998
922
1092
982
1021
934
942
880
887
919
908
981
938
984
923
982
884
924
895
931
955
885
938
885
914
882
931
934
896
912
854
840
807
780
771
854
880
991
946
895
833
824
780
782
803
853
943
984
934
1023
899
875
872
871
961
922
1039
982
1013
1010
897
973
1021
948
1047
974
1008
1101
972
959
898
900
983
989
930
1023
912
926
964
1000
1100
993
962
986
912
1060
1125
938
1003
987
1092
1087
1028
1141
1023
1020
1030
978
1094
984
1055
1025
929
1063
984
953
972
985
1129
999
1000
1014
936
957
1088
1046
1034
1059
970
1132
989
954
891
943
930
866
888
890
897
879
932
873
893
978
952
983
1021
984
990
1022
982
1042
978
1002
1005
913
1034
971
1113
963
1036
1070
1030
1188
980
1053
960
949
1147
1048
1173
1118
943
1014
999
1095
1073
1097
1104
1102
1053
1003
1056
990
1006
1033
977
1190
1116
1109
996
1055
1036
1027
1140
1023
1146
988
1052
945
966
1003
1002
1265
1073
1043
1180
998
1084
1062
990
1132
982
1069
1091
1056
1115
982
1080
1000
937
1021
957
1165
1104
1144
1029
973
914
826
886
963
971
1166
1079
1160
1054
974
943
880
1010
1084
1085
1184
1091
1154
1046
944
907
904
949
1150
997
1167
1157
1132
1157
1039
1065
931
960
1011
971
1055
942
966
933
1018
926
937
899
943
890
910
926
908
960
908
919
890
957
926
1041
954
929
892
938
964
895
938