829
953
959
878
980
1008
1021
1063
1069
1056
1084
1064
1068
1188
1115
1057
1023
1031
1022
961
1047
1005
980
1058
1087
1105
1065
1044
1066
1076
1093
1041
1062
996
974
1042
1044
1028
1090
1105
994
1090
908
860
955
1053
1019
1017
1047
1081
1075
1007
1048
1060
1081
1098
1092
1083
1039
938
931
978
991
993
958
974
995
1011
988
929
890
913
996
999
973
887
899
942
965
953
904
920
957
982
971
955
982
976
987
947
915
956
975
982
942
913
953
995
998
973
870
808
815
909
982
952
990
1021
1027
988
973
1002
1004
993
969
999
976
896
905
942
980
1002
995
1009
1032
1033
1004
1019
1016
975
903
930
989
992
1027
1022
1000
989
989
870
808
835
968
1065
1115
1094
1056
1068
1182
1048
1048
1055
1032
1041
1033
967
975
963
926
918
894
971
1019
1055
1000
1039
1022
1020
1017
1028
1056
1074
1013
1035
1054
1039
1004
958
998
1054
1075
1025
947
944
995
1037
1055
1029
933
1003
1059
1038
989
966
1024
1039
1061
993
1028
1052
1063
1016
1149
1053
1053
1026
1062
1072
1025
984
1054
1079
1045
938
964
1030
1041
953
875
845
1021
1093
1062
1008
1025
1080
1090
1072
1021
1017
1055
1059
1050
1017
859
783
804
962
1023
978
1018
1057
1076
1031
985
980
994
1004
994
935
1015
1095
1101
1102
1070
1022
1100
1028
1026
951
941
1010
1052
1015
995
1025
1053
1043
933
850
862
832
816
873
894
856
994
1059
1065
1039
982
897
941
995
1038
1059
1013
947
793
773
951
1184
1177
1140
1077
1030
1055
1044
1049
975
976
1027