941
902
911
930
984
1065
1029
929
913
938
950
991
1004
949
894
897
920
938
960
958
954
896
845
836
854
932
1087
1097
1071
1062
1023
971
947
981
1050
1083
1046
949
898
899
933
1042
1104
1088
1068
998
936
959
994
1023
1036
973
918
929
909
924
914
880
848
865
875
920
951
888
899
930
963
984
937
943
930
924
877
895
930
965
936
910
902
896
867
895
915
955
923
943
920
881
859
881
845
829
867
872
905
920
973
916
880
891
924
944
927
874
854
906
976
1045
1019
904
894
903
968
1055
993
901
909
927
887
857
896
917
883
897
902
926
934
924
960
983
1005
1007
973
986
976
967
955
938
895
898
910
971
1009
968
957
972
986
982
923
933
946
1013
1047
1003
934
923
912
931
940
905
953
1021
1049
1024
944
938
942
950
914
906
935
969
926
855
853
834
847
836
811
810
793
785
784
748
754
781
790
839
825
829
860
892
934
943
872
869
859
865
849
820
818
808
821
841
823
826
850
860
848
810
830
853
913
991
1001
952
894
930
935
944
934
910
918
942
916
882
905
924
937
904
923
952
990
958
916
917
949
962
921
899
909
949
982
938
973
1051
1007
944
957
937
939
922
945
986
1045
1009
990
995
1009
977
936
958
971
973
934
974
1016
1031
961
970
1007
1045
979
933
951
945
907
884
938
1012
1021
987
971
964
942
891
876
869
896
913
934
958
969
925
921
928
930
883
875
866
882
876
855
876
905
934
911
871
864
887
862
839
844
843
865
849
814
804
811
824
817
859
891
927
895