1252
1327
1356
1276
1270
1326
1317
1328
1356
1333
1344
1336
1352
1333
1310
1283
1288
1275
1271
1252
1262
1275
1252
1130
1119
1101
1058
1308
1269
1257
1246
1258
1224
1240
1213
1259
1311
1333
1234
1261
1259
1279
1225
1127
1067
1213
1207
1097
1149
1260
1240
1280
1289
1312
1252
1280
1280
1286
1298
1329
1221
1273
1254
1246
1264
1293
1199
1268
1295
1214
1246
1255
1188
1250
1280
1273
1244
1264
1249
1206
1251
1254
1202
1199
1229
1084
1119
1166
1184
1219
1220
1171
1202
1215
1173
1224
1229
1195
1149
1254
1316
1259
1329
1271
1316
1300
1284
1281
1314
1243
1271
1294
1231
1187
1235
1188
1244
1251
1252
1218
1150
1101
1228
1267
1290
1280
1263
1319
1317
1263
1288
1274
1285
1271
1250
1258
1252
1226
1262
1266
1194
1291
1253
1215
1296
1262
1267
1328
1324
1256
1288
1293
1237
1284
1292
1300
1347
1312
1309
1329
1313
1263
1323
1301
1277
1313
1262
1260
1268
1229
1277
1229
1150
1235
1279
1268
1256
1279
1279
1241
1198
1128
1129
1179
1240
1208
1205
1196
1201
1212
1194
1179
1133
1182
1063
1124
1119
1193
1185
1205
1185
1246
1227
1236
1237
1253
1247
1274
1244
1276
1162
1190
1280
1337
1329
1251
1320
1319
1299
1283
1339
1322
1301
1315
1284
1220
1269
1241
1225
1149
1104
1038
1008
1103
1141
1184
1246
1313
1292
1257
1218
1270
1287
1167
1124