742
743
750
750
702
697
720
710
677
666
685
699
688
669
668
691
693
676
656
654
675
697
679
669
694
711
722
683
676
694
703
694
672
666
681
693
701
682
666
649
644
628
628
652
674
688
693
688
653
651
655
652
660
684
671
649
651
665
687
726
712
696
712
727
735
708
688
681
688
698
692
682
684
692
694
690
660
643
619
608
617
648
658
654
655
673
677
673
654
655
662
666
671
652
644
648
666
696
720
694
682
691
692
684
663
655
667
684
708
691
673
668
674
671
679
658
649
651
658
672
672
652
645
650
661
664
679
655
647
653
667
682
686
683
658
649
652
659
668
663
649
646
653
664
665
645
636
648
655
652
633
623
626
633
642
640
626
625
629
635
645
647
646
656
664
670
653
643
638
645
661
679
670
657
654
661
668
679
659
659
676
684
697
684
662
654
660
671
683
667
653
660
666
687
708
688
673
688
703
701
688
666
646
657
667
691
700
681
688
693
696
702
687
684
699
713
726
713
684
683
680
685
674
659
662
672
686
678
665
675
670
675
680
658
651
658
668
671
645
619
612
612
606
612
619
634
655
645
643
656
669
676
651
637
638
654
677
698
680
662
667
666
665
640
628
636
644
661
649
645
644
648
653
665
646
637
642
656
670
679
664
658
668
677
707
706
696
727
735
738
705
677
680
685
696
687
664
661
657
659
645
643
653
662
676
649
639
638
650
650
630
630
642
646
651
640
638
647
653
644
624
632
638
652
659
649
650
661
662
664
649
642
659
671
676
688
669
660
667
668
670
649
645
650
660
683
678
663
666
669
673
663
655
655
661
668
665
642
637
645
665
681
693
669
678
686
684
683
651
646
648
653
660
647
646
657
669
675
658
645
647
648
655
656
653
673
676
688
664
656
665
685
706
705
692
705
722
716
688
676
686
689
706
690
684
688
698
704
684
669
672
676
679
674
665
690
715
722
711
686
673
673
681
683
665
665
672
678
660
655
666
669
671
655
645
650
659
674
681
661
655
663
667
674
665
650
651
653
662
661