1232
1285
1257
1226
1256
1199
1201
1218
1178
1199
1188
1204
1230
1230
514
1272
1183
1212
1210
1184
1208
1251
1204
1259
1218
1175
1190
1164
1136
1139
1183
1190
1177
1197
1169
1184
1192
1144
1151
1140
1110
1145
1163
1139
1140
1160
1136
1125
1158
1160
1171
1190
1144
1117
1071
1112
1111
1089
1145
1138
1143
1172
1158
1171
1198
1161
1196
1175
1135
1151
1175
1173
1160
1129
1148
1150
1150
1122
1114
1135
1154
1144
1143
1158
1150
1111
1114
1125
1131
1118
1122
1135
1124
1110
1133
1115
1108
1148
1131
1126
1113
1070
1021
1014
1013
1058
1122
1223
1159
1098
1094
1064
1023
1043
668
1326
1048
1024
1014
1017
1072
1114
1127
1108
1139
1131
1099
1101
1099
630
1329
1018
1019
1029
1079
1135
1135
1175
1183
1160
1127
1136
1103
1116
1105
1103
1140
1124
1157
1150
1135
1151
1143
1119
1146
1133
1132
1143
1122
1083
1095
1099
1106
1139
1116
1134
1120
1100
1110
1086
1077
1087
1072
1104
1142
1145
1124
1141
1122
1104
1101
1098
1129
1142
1135
1106
1118
1117
1107
1080
1112
1115
1100
1138
1135
1108
1115
1095
1063
1068
1126
1161
1135
1140
1107
1118
1125
1099
1151
1146
1129
1150
1137
1092
1103
1090
1045
1062
1063
1043
1098
1150
1106
1116
1076
1070
1071
1035
1060
1086
1099
1155
1074
1058
1069
1041
1108
1129
1081
1123
1127
1107
1111
1094
1081
1095
1067
1058
1077
1057
1087
1085
1087
1108
1088
1090
1037
1054
1048
1048
1089
1090
1090
1101
1087
1051
1064
1063
1018
1046
1087
1072