831
876
823
734
707
753
804
822
767
715
745
790
815
817
794
724
680
687
722
758
831
804
738
763
809
771
774
711
698
744
767
814
777
716
702
749
795
766
714
683
699
732
770
786
753
707
734
792
769
764
707
687
704
748
794
825
750
724
792
803
788
755
721
771
764
743
718
729
767
791
752
715
759
745
729
697
687
756
795
828
775
806
796
783
763
729
752
786
777
756
734
786
763
750
707
699
742
754
716
682
711
694
679
659
650
671
694
713
688
663
673
695
694
694
688
649
654
689
713
740
707
700
718
725
704
683
662
700
725
712
682
661
671
687
697
673
654
665
675
675
673
656
646
662
668
676
676
649
636
665
674
673
646
634
641
655
672
655
653
652
658
663
669
650
633
639
648
646
644
638
637
649
676
704
709
709
704
692
667
647
652
666
702
734
688
695
726
734
739
703
664
677
682
698
711
683
675
721
774
764
748
717
737
738
731
719
675
671
692
731
771
725
692
722
716
713
691
672
674
688
709
712
685
700
718
706
676
648
648
663
660
664
654
659
701
701
729
713
685
690
687
674
669
675
653
665
688
703
709
680
663
680
686
682
700
677
660
668
682
669
660
680
735
726
715
695
676
686
697
697
695
664
653
671
688
712
689
669
675
687
691
653
643
651
646
631
615
608
618
637
652
653
653
669
695
697
687
665
661
684
702
715
701
688
687
725
728
734
703
708
731
716
723
716
679
690
720
713
731
683
673
687
713
714
704
678
701
705
711
672
700
707
730
717
681
718
734
723
723
670
665
672
663
687
670
671
731
742
715
674
686
700
720
706
664
636
651
673
717
772
724
676
695
714
720
695
661
662
686
695
715
687
661
678
691
706
723
683
680
699
776
769
764
732
699
717
730
724
735
695
688
750
754
740
712
685
677
702
722
735
711
710
719
792
793
746
724
715
724
745
772
781
729
688
741
766
780
782
748
711
715
751
764
750
743
693
661