950
866
886
990
1115
1099
1075
1047
1000
895
842
858
924
1008
1016
1026
1026
999
924
854
843
867
979
980
990
979
904
849
856
885
948
984
1018
1022
979
884
866
913
964
971
979
970
943
872
849
881
964
975
979
948
897
851
824
857
924
964
962
976
912
902
914
920
924
865
837
847
881
936
970
974
917
953
988
974
899
873
919
957
967
969
888
854
850
878
923
993
1026
1032
1025
1002
907
866
892
882
836
827
885
978
1046
1065
1064
1077
1065
1046
1007
936
937
1003
1043
1023
996
976
924
866
867
891
949
966
968
967
939
883
844
854
890
957
972
987
970
897
862
875
901
927
941
960
971
904
881
912
957
965
996
989
1006
940
893
911
947
967
969
906
858
878
899
954
973
978
912
916
933
951
958
891
879
957
992
1016
1007
989
904
867
901
926
935
990
1018
1001
913
896
930
966
987
984
907
883
939
954
962
931
930
962
955
909
941
931
925
882
912
953
948
886
930
944
930
869
861
918
938
940
874
894
905
916
873
879
915
916
876
852
884
911
946
949
899
956
971
954
909
963
986
999
906
923
964
993
964
976
1022
988
983
1010
1001
957
1004
1002
929
979
992
929
972
1022
1003
906
944
957
945
887
890
971
1023
996
911
885
935
1015
1006
948
897
919
967
1017
1021
992
908
936
943
943
894
911
933
906
937
963
998
935
993
1022
1040
970
910
972
1005
983
907
931
976
1005
983
906
926
958
975
976
940
970
970
915
913
930
932
885
885
956
964
987
901
933
949
941
877