1009
942
872
869
1014
1195
1170
1159
1089
935
860
821
1201
1123
1131
1083
1005
1089
1161
1141
1088
973
983
1136
1183
1173
1080
985
951
1145
1203
1187
1101
998
958
1005
1236
1236
1203
1171
1012
923
885
1160
1250
1212
1195
1180
1133
1096
899
1220
1050
972
1019
1233
1214
1204
1192
1032
950
955
1154
1243
1229
1173
1034
963
950
1225
1217
1201
1069
1116
1231
1201
1057
988
1159
1234
1125
994
953
1196
1224
1219
1141
1164
1238
1237
1111
988
1161
1293
1268
1233
1080
1041
1260
1224
1214
1104
1175
1269
1266
1218
1120
1080
992
1314
1245
1093
962
960
909
1146
1244
1175
1097
958
941
1148
1151
971
891
1001
1224
1212
1088
1043
1184
1197
1096
1150
1110
988
941
975
1239
1180
1187
1148
1047
970
922
1121
1285
1270
1251
1212
1104
1214
1280
1228
1114
1159
1363
1295
1128
1189
1304
1285
1140
1051
1299
1323
1254
1136
1186
1279
1217
1042
980
1297
1229
1240
1221
1089
1115
1303
1281
1169
1120
1295
1276
1179
1146
1314
1275
1152
1073
1254
1282
1241
1133
1063
1168
1312
1210
1160
1051
1101
1266
1190
1043
868
851
849
1297
1195
1177
1053
962
1146
1185
1140
965
994
1229
1198
1033
957
1105
1264
1219
1146
1054
1158
1212
1193
1176
1075
1176
1236
1136
1003
1146
1265
1189
1147
972
942
1164
1226
1171
1033
1183
1273
1124
973
1172
1277
1244
1194
1041
1063
1292
1290
1207
1064
1192
1255
1096
1055
1306
1317
1221