821
842
907
962
991
1023
1037
1045
1004
1021
1014
986
941
968
988
975
974
1006
1014
989
1010
1019
998
968
1004
1016
994
994
1017
1021
994
1025
1025
1001
989
1019
1006
976
1007
1015
984
988
1002
988
963
1005
1018
974
1009
1021
992
1001
1027
1009
986
1028
1042
1005
1015
1036
1044
1008
1038
1051
1027
1034
1050
1049
1017
1054
1054
1010
1024
1039
1020
1014
1039
1051
1020
1052
1061
1035
1031
1034
1031
998
1031
1037
1020
1019
1039
1038
1006
1041
1051
959
958
927
933
950
934
980
1000
985
1000
1010
1027
992
1027
1034
1020
1008
1035
1049
1027
1006
1025
1016
987
1020
1030
1000
1008
1028
1021
1005
1028
1034
1000
1009
1026
1007
990
1028
1035
995
1024
1027
1001
1006
1023
1029
996
1032
1035
1004
1006
1021
1005
990
1025
1038
1009
1037
1037
1004
1036
1037
995
1029
998
1015
1022
1004
1054
1063
1028
1045
1041
1013
1051
1063
1027
1038
1058
1045
1017
1051
1052
1021
1059
1067
1033
1062
1064
1021
1028
1042
1027
996
1029
1035
992
1025
1038
1014
994
1021
1028
985
1013
1026
1014
985
1019
1023
996
997
1025
1023
979
1013
1021
987
1009
1029
1018
1012
1031
1007
1009
1029
999
989
1017
1017
994
1021
1025
978
1005
1016
985
1007
1009
1008
986
1012
1003
968
996
1001
964
981
1006
972
994
1004
981
975
1000
1000
967
1004
1017
987
1013
1014
974
991
1012
1012
986
1032
1045
1011
1012
1033
1026
997
1032
1026
981
1018
1003
961
1016
1036
1000
1034
1040
1010
984
1020
1028
996
1021
1023
1017
992
1024
1033
994
1021
1025
1015
995