730
728
728
727
730
730
727
727
727
727
725
730
730
727
729
725
725
732
731
729
731
734
729
732
729
729
728
726
729
731
732
726
722
718
716
711
715
709
704
701
699
698
697
703
709
712
715
714
717
713
712
710
719
717
720
714
717
716
717
718
726
723
722
722
720
719
713
721
720
715
709
710
709
710
709
720
719
719
723
720
722
728
727
728
728
729
726
730
728
729
728
724
725
727
729
727
725
726
725
730
729
731
729
729
731
735
733
738
738
731
732
736
732
733
738
737
735
733
734
735
741
745
754
749
752
747
748
752
755
757
759
757
761
756
754
754
755
749
746
748
742
740
737
736
741
734
733
726
726
725
723
727
729
726
724
727
727
727
737
745
752
749
750
754
751
755
761
755
753
755
749
748
747
748
750
753
748
749
752
745
757
755
745
745
746
744
742
747
736
737
731
733
737
742
738
738
734
730
731
731
740
733
730
731
729
730
730
738
736
740
743
740
734
736
739
735
729
724
727
728
728
732
739
731
733
733
735
736
736
732
727
726
729
743
746
748
746
746
748
749
748
759
751
748
745
745
741
749
747
741
735
735
735
735
741
746
745
743
743
749
748
756
762
766
766
770
765
760
758
762
763
759
757
755
751
755
754
760
760
759
756
751
761
759
756
754
753
750
751
755
750
746
742
744
755
754
749
746
742
738
747
747
739
738
732
734
735
740
735
729
727
729
729
734
741
743
742
745
746
750
751
753
757
757
750
751
752
754
752
751
752
746
743
742
739
749
751
748
742
736
741
736
748
745
741
741
741
742
745
745
745
739
736
730
730
735
737
736
734
728
728
724
728
736
745
741
736
740
740
744
750
748
744
742
742
750
754
747
745
743
740
742
747
744
742
738
736
737
743
743
736
735
736
734
742
740
737
734
734
732
742
742
742
740
742
738
746
746
735
730
729