798
838
815
805
819
820
806
809
830
849
816
812
825
823
797
788
796
808
804
819
821
801
811
808
805
816
797
791
792
766
766
781
798
818
788
767
760
779
822
830
849
857
817
796
801
825
844
811
811
762
780
789
785
806
811
795
775
791
785
780
799
840
830
798
813
826
804
794
805
819
801
796
836
839
826
833
859
845
824
850
860
847
880
865
833
851
861
847
857
886
867
856
867
866
844
841
864
870
836
842
842
831
844
841
831
834
867
870
836
834
854
837
814
805
844
854
837
833
875
862
837
832
854
850
850
867
876
854
845
883
860
834
849
884
881
852
874
874
842
839
856
862
855
850
870
850
830
840
840
834
834
852
862
855
842
856
855
835
850
874
890
866
871
876
842
857
880
866
868
848
837
840
834
826
830
855
863
843
821
841
835
772
754
790
817
807
800
808
802
792
786
807
815
804
813
834
818
800
814
802
779
794
791
785
782
806
843
838
826
843
846
819
836
852
833
850
873
864
867
867
865
846
854
848
834
829
836
823
813
828
824
815
829
827
806
808
823
831
824
828
823
808
825
842
847
834
832
842
806
808
820
812
806
849
854
838
841
846
828
814
833
822
815
815
820
827
845
846
845
838
854
843
831
802
788
786
839
834
856
847
823
807
821
821
821
844
855
847
866
866
844
852
859
842
838
846
835
835
852
854
838
848
829
829
827
820
834
854
862
851
851
842
813
809
806
830
828
849
858
864
858
864
848
846
854
851
854
850
839
865
840
814
806
812
829
852
789
836
851
863
848
839
844
850
841
852
860
866
879
879
854
859
871
846
850
849
855
856
876
884
858
860
860