609
627
636
660
681
627
653
642
629
619
638
648
663
646
634
623
617
643
651
671
657
642
626
624
613
592
588
593
595
592
593
610
606
641
655
666
634
616
606
597
602
605
611
615
626
632
611
600
591
612
665
837
712
684
632
613
626
603
591
584
592
637
722
742
765
688
696
652
646
662
687
706
793
628
703
663
633
611
624
655
814
650
842
703
654
641
662
691
814
647
716
667
650
630
644
668
811
611
651
642
660
691
817
663
685
644
637
659
686
826
674
662
689
797
622
650
634
669
795
751
662
687
662
671
682
691
816
613
660
665
806
635
828
652
661
658
815
665
827
641
680
660
688
802
645
828
656
813
610
691
689
705
673
664
688
819
628
673
640
650
660
675
657
652
644
668
691
694
807
637
674
641
655
650
677
666
648
638
654
667
685
807
645
667
642
653
665
663
655
627
621
610
602
618
646
780
615
654
655
660
672
670
643
645
654
679
700
658
641
636
646
665
685
798
635
684
649
629
626
643
776
632
804
616
637
625
643
664
688
797
605
643
646
679
688
804
620
645
656
662
684
696
674
657
692
815
658
832
657
688
645
659
677
796
620
657
679
692
692
687
662
658
682
805
659
704
666
669
683
796
645
816
635
669
646
668
684
803
657
836
655
729
681
659
678
802
748
625
668
635
644
688
795
633
653
642
625
619
629
659
771
630
667
630
642
651
678
790
603
638
665
687
797
630
679
675
699
805
654
813
627
672
686
700
686
801
630
650
648
644
659
817
778
777
682
849
679
701
651
645
658
691
809
644
697
694
656
636
625
624
659
780
753
650
819
651
688
649
634
646
660
693
810
622
651
672
698
807
618
662
666
679
811
664
824
629
680
696
823
643
712
803
637
688
672
645
626
615
633
662
785
598
633
623
641
662
790
624
705
798
616
653
632
643
668
791
749
620
660
672
696
813
642
691
659
668
669
688
691
663
655
667
680
807
621
670
683
813
757
635
698
709
827
642
677
650
660
657
673
688
686
692
651
637
634
629
609