771
757
786
944
881
798
781
817
912
901
896
825
777
778
834
911
936
898
832
857
982
972
897
819
805
835
897
916
862
789
771
781
908
947
941
911
882
813
771
803
850
923
909
871
875
862
864
787
757
766
793
971
945
890
802
801
807
831
778
811
900
904
869
807
765
783
820
827
819
754
728
749
817
914
947
898
798
746
773
842
865
869
782
738
731
768
871
872
881
769
725
719
753
886
901
896
828
833
844
835
763
731
741
797
892
876
865
835
745
724
760
841
919
933
880
790
729
743
833
908
850
849
916
923
805
733
727
781
876
957
898
873
784
742
747
773
936
940
859
808
788
746
702
700
690
669
762
911
788
802
871
826
731
718
766
855
915
845
742
745
802
866
886
831
783
816
857
860
829
747
746
784
879
890
801
738
721
766
911
926
849
774
766
832
851
851
898
853
784
785
786
792
801
760
755
850
930
899
815
769
786
879
935
943
865
781
743
750
793
856
876
815
794
856
939
951
893
787
744
767
903
933
884
806
787
728
702
837
882
778
764
792
868
941
910
778
743
772
810
868
768
738
767
938
939
894
799
748
756
829
927
902
883
885
878
828
759
726
730
776
896
888
885
782
728
710
722
768
990
989
893
827
813
729
708
752
900
904
945
924
848
810
816
788
801
815
783
742
729
775
929
947
878
806
754
760
820
927
880
869
831
811
752
737
756
822
895
887
852
820
801
766
729
728
808
915
979
908
857
848
844
831
835
833
800
754
760
804
971
916
922
884
780
765
751
841
937
857
809
822
951
931
905
924
915
880
859
817
818
868
886
929
897
779
692
711
698
708
794
1008
979
941
946
929