948
963
961
995
1023
1042
1036
1012
979
964
963
954
909
942
1034
1021
998
955
917
900
951
1000
1006
963
960
954
911
900
890
875
932
976
980
982
994
1011
957
914
949
1000
1017
1009
1051
1030
986
1007
1040
1018
1035
1041
1013
957
901
938
969
1019
1040
1063
1043
997
947
907
935
973
1000
1003
966
993
1037
1055
1041
980
1017
1016
1023
1036
1051
1034
975
869
812
823
1044
1023
888
881
893
903
896
862
819
824
839
857
868
861
897
912
924
900
916
902
910
899
926
980
1040
1041
995
976
945
973
1003
1030
1037
1039
1011
1012
1016
1009
991
954
943
993
1059
1075
1043
1009
994
1002
1021
985
967
954
950
947
979
971
966
960
958
971
977
990
979
984
997
965
944
933
931
915
956
1011
1005
940
943
1003
1107
1053
1034
1061
1055
1042
998
986
1004
998
981
954
929
904
946
984
1024
1038
1042
1031
974
941
908
892
926
966
1014
1002
1000
965
959
938
879
841
906
964
989
975
949
929
932
921
948
973
1002
980
993
1021
1007
946
931
917
938
966
950
879
811
837
940
995
1001
1017
998
954
912
884
866
888
911
963
975
960
927
914
918
941
949
1007
1070
1085
1022
1001
977
949
957
991
974
979
987
1004
976
916
938
977
987
973
990
986
955
919
944
989
975
956
950
956
924
924
932
937
914
875
893
927
942
927
938
946
939
959
982
1021
981
977
964
925
911
911
900
909
925
919
917
901
879
904
955
942
934
934
926
913
910
910
895
928
958
930
879
834
811
900
1073
1082
1060
1012
977