912
915
906
904
898
880
846
813
803
801
809
861
928
937
923
907
862
864
862
881
930
962
989
947
943
938
929
885
879
867
868
933
964
977
970
922
887
876
889
911
941
935
928
915
871
837
817
817
775
806
871
886
905
899
859
820
821
820
850
912
945
932
926
906
865
867
862
865
893
944
954
942
932
909
863
846
846
864
891
930
959
956
935
916
872
913
894
891
943
952
926
878
861
859
865
888
955
979
963
939
894
870
863
858
907
923
942
922
918
878
849
838
846
870
929
965
890
838
896
910
858
827
835
854
903
941
957
949
948
969
962
897
877
873
904
947
981
948
941
938
931
922
869
856
863
886
942
998
994
965
955
939
889
861
858
888
939
949
932
927
915
869
860
896
936
950
928
914
865
843
860
907
938
933
914
920
911
869
850
846
887
931
927
915
922
922
918
916
865
854
855
879
922
938
937
938
926
913
841
830
823
866
945
955
946
902
893
892
938
982
979
973
958
925
908
906
914
962
971
974
962
946
909
879
868
873
917
942
935
926
928
934
892
863
846
844
871
915
940
936
926
911
912
901
863
854
854
880
913
954
956
956
931
929
920
879
863
873
889
918
922
921
908
911
910
843
830
853
890
938
953
941
938
942
885
877
896
932
964
947
898
868
902
950
959
957
898
870
875
903
940
969
948
922
884
882
900
926
967
960
932
883
875
888
921
952
948
940
872
865
893
918
900
889
855
816
813
827
858
873
884
890
861
851
805
802
808
785
815
889
896
813
849
849
839