495
510
513
534
553
624
1032
905
736
740
758
768
697
762
835
836
735
737
825
956
801
752
779
906
931
774
758
839
869
766
765
928
1144
896
771
828
875
782
676
664
803
1111
1002
770
757
776
744
710
773
1113
972
835
1058
932
777
803
1147
1026
907
1014
1025
880
901
1027
932
829
980
1068
901
927
1082
909
825
977
1041
868
1002
1059
894
986
1054
974
893
1035
989
854
1032
1067
912
952
1087
999
990
1021
917
911
971
826
758
679
799
1091
993
953
783
750
892
883
780
940
1108
869
893
902
781
865
789
719
783
882
753
833
883
762
790
1097
1027
777
815
1012
800
797
961
1038
915
979
948
795
881
800
739
742
864
860
779
757
808
731
651
660
770
1026
826
782
879
915
791
830
854
770
754
904
892
862
984
898
805
838
982
862
903
1034
896
878
877
871
847
974
978
892
1003
956
850
937
1031
814
818
943
919
900
1108
932
841
874
836
783
884
890
786
754
811
741
720
707
732
713
664
719
750
682
723
776
827
720
733
790
1045
1022
965
837
845
839
770
798
885
823
809
848
795
865
994
956
855
899
757
755
798
774
715
768
797
726
757
901
830
803
712
701
726
728
669
659
627
610
690
643
626
638
707
688
658
632
629
625
625
615
592
608
623
632
634
620
631
645
724
712
687
633
629
617
612
619
589
604
629
669
758
688
674
712
729
730
654
670
709
740
729
665
692
670
696
652
660
686
710
667
660
683
709
819
746
800
775
731
704
726
739
705
680
673
663
625
581
607
644
753
726
746
834
813
709
697
699
754
729
753
1019
972
753
742
751
709
771
775
912
792
849
869
743
769
756
765
694
731
732
713
715
755
938
857
822
793
783
725
789
838
763
765
802
848
741
812