807
422
403
823
904
934
965
1004
1027
959
984
989
907
946
984
998
993
949
934
968
987
1019
1024
1046
1057
999
991
1017
1042
1028
991
978
1011
1027
1033
914
903
952
997
993
994
972
878
941
961
962
975
986
996
989
975
969
996
1003
970
1022
1100
1105
984
965
972
970
948
946
982
1050
1023
1009
1033
1047
1043
1026
1050
1040
1047
1028
1039
1065
1075
1078
1063
1021
980
968
966
980
1022
1062
1063
1064
1059
1039
1015
981
965
939
931
978
1061
1079
1077
1059
1060
1060
992
944
1006
1063
1063
1077
1085
1083
1045
1019
1037
1038
1050
1086
1094
1120
1098
1023
1016
1032
1036
1000
1023
1035
1021
1057
1067
1040
983
981
1019
1033
1059
1005
1025
1043
1050
1022
999
1001
1004
1002
965
959
981
1018
944
938
975
1011
986
987
975
968
943
944
911
912
956
1006
1030
1014
995
982
981
994
1003
1004
1004
1001
993
1021
1022
1003
1012
905
909
1030
1016
997
1013
1023
1000
1006
1002
976
993
1012
1019
982
1004
1047
1066
1058
1039
1022
985
1010
1045
1111
1094
1047
1004
1012
1012
988
1020
1031
1030
1055
1048
1034
1006
1016
1012
988
979
1025
999
1014
994
992
979
997
992
1016
1021
1044
1056
1026
1035
1024
995
980
1021
1035
1017
1030
1022
1032
1045
1034
1068
1051
1005
1013
1064
1079
1063
1050
1036
971
941
975
949
935
939
973
985
1016
1024
987
994
1040
1064
1038
1075
1092
1064
997
1003
1023
1078
1090
1049
975
982
1024
1061
1069
1018
1013
1001
1007
996
1002
973
951
900
899
909
962
1002
1016
1000
991