609
608
615
615
619
620
620
609
612
605
602
581
571
565
560
566
574
577
602
598
604
602
595
586
582
578
584
590
596
602
613
626
632
621
599
596
596
596
596
600
600
605
607
605
607
608
615
615
617
612
617
627
627
628
624
619
624
629
633
633
627
629
633
634
631
624
619
620
616
616
613
615
620
620
620
613
609
603
604
611
617
623
629
624
635
634
645
632
615
609
605
601
594
595
599
607
614
620
623
624
623
626
624
623
621
619
613
609
600
595
574
571
566
567
574
578
601
597
607
605
606
608
618
624
626
621
613
600
594
570
564
556
550
551
555
569
592
601
599
586
579
589
598
597
599
598
602
602
602
592
585
571
567
564
558
563
563
572
574
592
600
594
594
595
595
589
580
575
570
567
566
573
593
612
617
625
643
643
648
638
632
621
607
602
599
588
580
577
566
565
563
573
578
616
628
652
657
672
670
660
661
658
646
636
633
620
602
588
573
566
550
552
551
552
562
587
602
599
597
604
605
607
604
601
599
588
590
586
598
604
607
608
585
600
605
610
618
632
629
624
622
614
608
595
587
583
582
581
582
578
585
577
576
582
587
597
613
633
636
639
640
637
622
622
620
615
606
590
587
581
573
575
574
585
600
622
624
637
641
642
652
646
637
634
627
625
631
629
631
625
621
613
609
612
617
618
624
631
634
640
646
645
637
632
631
630
634
635
632
631
633
632
634
642
634
630
632
637
640
639
626
607
604
605
610
610
615
615
620
613
618
613
610
604
604
596
595
598
600
602
606
623
636
646
654
652
652
645
631
615
595
579
572
571
575
584
598
613
628
636
646
647
649
646
656
648
642
634
621
620
622
615
619
626
637
644
641
640
630
627
630
628
624
617
615
619
620
605
596
578
572
567
563
563
580
589
590
613
611
621
612
608
609
605
597
583
571
568
563
564
565
561
563
577
589
589
600
629
648
662
677
678
676
670
657
648
631
620
605
596
582
583
582
587
594
602
609
627
643
634
635
616
615
604
588
581
576
570
569
580
570
563
556
563
552
561
573
594
608
616
625
631
646
652
648
652
657
647
646
651
643
639
644
639
646
657
657
652
647
653
646
652
654
649
652
663
664
660
656
651
647
647
643
645
644
646