627
652
673
697
715
746
700
721
731
754
765
747
722
786
784
722
762
773
771
738
679
714
674
691
726
744
707
724
729
723
724
756
761
725
716
745
775
771
751
777
822
839
810
778
820
868
855
780
802
846
862
809
787
814
851
820
775
808
847
813
773
802
825
845
796
773
794
822
758
794
833
848
766
767
774
793
784
769
804
859
830
875
857
843
759
767
787
794
820
826
778
729
729
738
701
734
760
742
763
807
828
822
767
794
803
799
795
736
743
768
798
792
737
755
770
773
757
771
756
758
761
719
749
756
777
778
756
751
728
704
687
660
677
673
709
739
743
745
713
726
699
720
719
716
684
694
695
701
687
728
711
727
753
801
831
779
768
780
803
788
762
792
818
863
870
878
791
778
798
818
789
769
806
844
832
809
824
849
853
823
752
759
761
749
761
802
862
884
897
809
810
789
725
765
782
810
798
833
875
887
850
816
855
864
858
781
801
835
851
889
822
813
848
893
896
822
813
849
865
818
789
827
830
820
786
749
743
722
731
764
791
807
763
753
763
793
822
785
764
780
796
813
815
764
749
756
765
792
763
751
771
801
821
848
789
772
794
800
795
749
745
755
785
781
745
735
747
771
779
751
752
765
776
776
761
745
754
769
776
770
740
737
735
743
749
720
715
714
713
715
722
701
697
698
696
712
693
696
691
700
734
736
720
749
753
766
733
730
730
722
725
701
703
704
711
732
708
704
711
724
733
735
705
707
702
713
716
705
696
704
702
710
726
692
692
688
683
696
719
698
702
716
730
763
792
783
766
786
790
797
759
745
763
779
800
751
748
771
780
784
738
739
744
764
763
746
724
707
709
725
755
723
716
713
747
770
743
729
738
752
770
735
725
742
752
760
731
724
740
756
768
779
750
750
758
766