663
655
630
618
581
575
568
583
585
589
601
609
626
634
642
639
637
621
608
622
623
638
637
655
669
668
678
661
653
630
630
618
614
634
646
663
678
657
650
659
672
683
634
630
630
630
640
637
642
637
649
651
638
618
631
622
626
608
619
632
639
641
638
657
651
649
641
635
621
643
629
610
610
616
613
629
633
626
634
621
607
610
608
608
609
615
626
630
657
692
671
661
648
669
662
671
659
646
619
628
621
624
635
647
632
639
634
627
631
604
638
619
624
630
622
615
626
627
633
615
641
626
634
630
638
632
630
623
616
624
623
622
637
639
652
665
659
634
631
618
627
627
629
631
612
631
631
652
667
654
637
631
612
599
615
618
634
633
653
671
680
686
677
684
648
649
625
641
622
634
660
668
665
647
652
659
649
643
638
648
656
661
654
638
648
646
661
653
639
661
649
661
645
634
621
601
612
603
593
602
610
616
625
609
591
591
605
612
632
647
652
672
685
687
675
670
646
623
632
647
690
688
690
682
667
667
650
657
641
653
657
654
656
646
636
632
629
623
639
656
653
674
674
680
688
671
675
665
657
648
643
631
623
606
604
612
621
638
639
652
662
673
675
668
658
665
653
651
659
667
673
683
690
706
713
711
706
705
679
682
670
675
670
680
691
694
692
697
696
696
691
696
710
700
679
682
681
666
664
668
664
662
644
646
646
649
645
664
674
691
703
705
703
689
689
674
675
674
671
660
654
650
652
652
646
647
310
974
606
594
590
606
616
624
636
662
677
701
725
722
729
717
691
692
669
652
652
643
646
656
666
682
696
698
691
694
674
672
662
654
652
634
627
616
615
625
632
636
636
637
623
610
622
615
622
631
629
639
645
659
669
703
727
727
726
720
707
680
678
651
646
649
640
646
657
668
670
672
673
660
659
646
634
625
625
631
635
649
646
657
663
684
699
712
721
716
703
688
689
686
698
711
719
722
719
725
716
694
694
695
695
702
706
710
700
703
706
699
698
694
698
696
713
711
697
707
698
694
706
713
732
732
721
725
721
733
730
721
725
730