685
688
706
762
814
800
750
702
692
683
722
738
736
721
680
670
663
684
675
667
652
651
646
616
661
682
684
669
647
635
619
608
609
614
611
608
607
604
580
562
558
564
573
574
597
602
604
590
582
568
560
553
550
547
541
552
546
559
712
778
779
782
789
778
773
788
767
725
693
660
637
622
605
604
614
627
711
720
702
701
705
743
749
714
688
665
657
664
667
658
777
794
765
723
681
646
629
594
587
578
592
585
601
587
617
641
661
713
706
692
643
652
629
635
621
611
591
601
645
704
729
736
711
672
649
622
616
602
616
596
661
739
771
755
710
678
646
626
597
601
586
604
628
646
626
620
604
615
648
668
673
662
618
613
600
614
632
645
640
650
653
646
623
618
614
628
661
697
708
701
700
706
719
729
718
695
652
609
578
586
582
577
572
584
594
619
627
620
619
602
594
579
564
550
547
556
565
570
578
593
594
591
589
585
575
563
558
552
542
544
533
539
546
569
610
653
700
735
798
812
773
707
706
729
759
749
738
727
720
744
805
805
789
769
713
709
739
770
732
689
643
619
611
611
593
601
602
611
614
609
604
612
598
593
577
577
598
609
623
631
631
620
587
595
581
602
638
645
667
690
739
750
754
726
680
645
623
610
614
617
611
589
563
555
558
560
607
650
675
670
641
615
598
599
596
589
595
599
602
609
622
607
612
614
607
592
576
571
569
569
581
606
634
676
721
745
761
740
731
722
734
757
768
757
747
702
687
685
680
667
645
635
623
612
600
846
313
572
566
559
556
570
595
617
628
620
618
612
608
617
611
618
623
616
612
592
595
589
597
613
634
659
672
658
622
619
603
607
595
601
595
601
613
626
653
699
741
725
673
649
649
693
725
742
714
664
659
644
642
649
655
650
643
633
616
596
586
576
576
573
573
574
576
568
562
571
590
606
607
611
571
585
561
564
571
587
604
638
653
681
693
635
650
650
692
685
678
680
711
732
729
751
752
719
686
705
701
694
682
662
636
625
616
611
599
598
583
587
613
640
659
658
623
620
601
605
634
665
681
678
714
700
672
680
677
717
726
715