580
584
591
595
599
604
604
610
616
617
624
628
641
645
651
647
652
647
647
644
638
631
628
619
612
611
613
607
602
600
597
601
594
582
577
571
569
565
564
573
585
604
623
643
654
656
654
663
671
677
671
677
676
677
688
691
684
685
696
699
694
703
689
687
682
683
679
681
680
681
683
680
684
690
682
685
687
686
688
703
693
695
704
706
716
728
729
728
719
732
726
744
736
720
717
728
729
719
736
735
719
716
715
714
721
717
704
706
712
720
728
726
720
740
750
752
742
750
751
753
747
728
717
729
724
723
714
712
717
708
703
710
710
713
709
718
724
729
721
717
722
725
720
716
702
715
721
723
730
725
720
729
736
745
745
726
707
701
698
688
685
688
688
678
673
679
682
686
699
710
732
739
737
738
752
756
755
769
782
782
757
752
756
757
761
762
771
796
774
778
777
781
779
780
767
756
748
757
752
758
755
732
734
732
736
741
746
749
746
728
737
737
746
752
749
739
727
729
731
742
762
767
754
747
754
760
764
761
735
742
747
734
734
722
724
729
735
746
747
739
734
738
740
752
757
741
727
729
728
733
732
735
728
719
723
733
729
714
706
709
702
687
688
691
692
700
708
732
707
712
717
715
728
716
711
715
730
726
705
690
680
662
654
651
658
648
642
643
646
643
648
647
633
633
637
639
646
659
668
689
708
724
751
750
751
744
740
755
762
754
755
760
782
775
780
776
773
773
761
752
759
753
749
752
744
746
747
731
728
734
730
728
742
737
737
726
744
744
758
759
762
760
762
753
743
744
747
755
757
771
778
777
765
770
783
770
771
774
770
760
771
775
769
768
774
781
780
757
763
776
778
779
787
777
756
746
748
745
738
740
736
739
732
739
735
743
749
749
725
725
730
734
736
738
745
725
725
731
733
736
736
720
715
716
719
730
726
713
710
708
693
694
694
701
694
699
691
695
687
674
676
675