767
770
769
744
755
756
740
758
777
748
719
737
760
790
777
769
781
756
744
742
763
765
766
798
803
799
801
777
780
772
740
729
743
769
785
733
724
733
735
733
748
752
766
762
757
738
726
734
737
737
749
737
696
682
674
688
680
658
638
654
666
686
693
668
651
638
634
641
679
736
772
780
820
816
787
781
775
776
771
747
729
736
761
764
746
786
814
836
860
867
830
795
769
796
808
803
787
748
729
723
712
713
729
751
740
728
746
765
761
746
771
777
750
762
754
741
735
749
756
741
748
752
749
725
723
735
746
728
730
742
756
768
742
731
733
737
718
720
729
732
723
733
755
771
768
758
743
734
706
703
697
711
714
714
731
751
756
747
742
745
725
716
709
704
694
695
693
675
697
717
745
771
790
818
833
819
777
750
744
745
730
723
727
734
749
728
722
722
711
710
718
725
728
750
763
757
756
752
738
723
721
727
730
726
715
711
706
698
704
710
728
723
724
723
730
728
718
713
715
711
711
701
715
719
728
729
728
733
748
802
864
874
825
750
690
656
638
636
649
701
806
873
850
831
830
815
759
748
739
730
739
765
758
773
791
780
785
779
749
738
732
732
727
743
765
752
771
775
757
765
751
724
715
712
723
714
729
746
739
752
771
768
765
752
732
726
723
715
708
716
718
717
733
739
727
727
731
717
727
729
709
704
704
702
702
720
750
774
780
792
794
762
753
741
721
728
730
715
726
736
742
751
759
755
744
759
766
738
729
726
723
714
733
762
766
807
821
803
800
785
751
739
735
729
718
719
732
739
742
733
744
753
743
740
773
807
816
777
771
785
769
749
737
730
721
729
735
741
761
765
762
739
724
720
714
707
714
710
714
705
714
715
701
708
734
745
736
743
744
735
746
763
782
766
758
762
755
752
750
766
743
737
750
734
732
754