1162
1167
1066
1281
1281
1308
1290
1285
1261
1244
1184
1309
1313
1296
1018
290
1325
1311
1323
1329
1318
1330
1311
1335
1335
1291
1285
1265
1226
1222
1247
1272
1291
1310
1298
1306
1315
1335
1357
1354
1330
1302
1286
1254
1243
1220
1213
1177
1186
1193
1201
1202
1212
1206
1189
1204
1212
1240
1259
1252
1234
1239
1241
1225
1241
1243
1230
1242
1242
1229
1240
1234
1217
1222
1221
1219
1217
1208
1207
1199
1188
1190
1190
1181
1198
1217
1215
1204
1227
1230
1209
1219
1221
1204
1212
1204
1189
1202
1203
1190
1203
1204
1185
1196
1194
1184
1197
1193
1183
1193
1188
1168
1182
1184
1170
1186
1190
1176
1181
1155
1144
1143
1157
1168
1173
1181
1200
1210
1196
1200
1210
1191
1199
1198
1188
1194
1193
1186
1199
1198
1183
1196
1192
1177
1189
1193
1183
1188
1194
1188
1157
1164
1184
1188
1189
1212
1225
1199
1207
1198
1182
1194
1190
1181
1193
1200
1191
1200
1203
1189
1197
1199
1193
1203
1199
1184
1195
1196
1186
1191
1201
1201
1204
1217
1217
1217
1225
1218
1209
1212
1214
1208
1216
1222
1215
1218
1210
1243
1252
1236
1263
1276
1269
1256
1269
1271
1259
1242
1266
1280
1246
1248
1239
1219
1228
1226
1214
1225
1229
1232
1238
1239
1232
1226
1230
1227
1215
1208
1208
1205
1219
1222
1220
1221
1209
1215
1218
1205
1212
1212
1210
1209
1204
1204
1202
1188
1200
1195