734
806
818
759
820
824
760
809
781
756
819
796
777
816
777
776
860
791
793
854
813
806
896
813
829
882
794
850
874
794
897
850
812
874
823
820
854
805
858
881
817
907
890
841
901
848
856
923
862
843
936
871
897
968
887
884
947
942
816
873
919
827
911
972
863
920
905
833
942
945
862
985
1026
888
953
988
865
921
995
890
936
1026
884
916
984
892
952
1024
890
954
1012
882
944
1020
876
959
1021
883
956
1038
911
864
966
948
882
970
965
877
946
1021
880
963
1057
914
930
999
891
926
1027
879
928
978
877
930
934
869
991
971
880
945
897
937
1020
896
991
1010
899
1011
1039
881
959
1068
954
959
1083
1005
956
1073
977
918
1018
929
944
1096
908
991
1046
907
940
1002
924
854
964
944
868
957
918
911
1011
906
944
1039
901
978
1071
933
1006
1020
910
996
1059
936
1017
1036
938
973
1038
934
970
1054
948
941
1052
993
906
979
1033
881
973
968
856
927
984
862
937
1033
911
979
1001
895
939
950
877
945
1000
891
976
1039
907
993
969
828
781
914
901
962
1125
933
999
954
947
1021
944
898
989
965
866
928
1006
895
941
1062
910
991
1057
851
893
974
843
896
1114
940
1010
1048
960
966
1023
946
920
1088
967
1005
1058
940
965
1077
1014
955
966
846
891
835
912
971
848
916
942
852
931
967
882
1088
1079
957
1037
1033
886
892
928
902
869
933
998
860
1024
967
910
1045
957
950
1060
900
914
1074
887
980
1024
924
1011
1060
896
955
1027
914
1006
1104
980
976
1056
981
904
1023
988