660
667
679
676
669
657
645
646
649
650
651
657
683
701
736
749
769
780
745
711
695
681
673
678
690
702
710
729
730
745
730
724
700
670
660
652
646
650
657
664
674
688
686
688
690
681
679
679
670
656
656
646
643
648
656
666
661
655
650
650
642
649
655
656
666
664
661
675
665
661
656
654
656
650
671
662
665
679
687
681
688
702
701
702
703
697
695
686
677
682
685
683
680
682
679
681
682
686
688
678
672
667
667
650
647
643
642
648
657
669
668
666
672
674
672
670
663
653
644
637
643
646
643
641
635
635
638
651
657
673
687
701
695
679
646
638
633
632
637
643
646
661
677
671
670
667
666
659
654
655
639
623
622
621
619
611
614
613
622
625
624
637
650
674
689
701
693
694
695
689
691
678
677
672
672
662
650
656
654
674
675
667
668
672
678
674
665
657
660
663
674
675
671
674
676
671
676
682
685
705
728
735
726
705
692
674
663
656
658
649
648
643
655
662
676
663
661
661
660
657
666
673
691
693
701
710
709
702
702
711
706
687
677
677
673
665
676
684
679
673
678
678
683
667
665
663
661
661
664
671
670
677
688
704
696
693
687
682
688
685
680
664
652
644
638
641
644
652
676
681
706
710
700
694
686
665
661
662
664
662
657
659
665
679
691
700
718
707
678
634
638
652
671
683
677
682
680
673
661
654
660
660
630
627
637
639
653
656
657
671
676
680
681
692
718
708
706
707
708
718
693
685
687
680
673
682
688
688
688
684
683
681
660
651
649
662
668
676
668
665
657
660
652
646
631
636
639
648
651
664
685
707
692
680
670
664
671
680
682
686
680
673
665
667
667
671
677
686
676
675
676
672
632
610
613
627
654
679
700
704
689
669
662
640
646
642
649
669
689
707
719
723
716
715
689
691
689
695
701
718
722
705
716
709
718
716
708
693
689
681
674
699
686
693
707
705
709
709
720
721
700
694
672
673
658
652
643
655
674
682
693
699
706
711
715
701
682
673
657
658
653
646
643
637
645
654
671
692