869
1042
1064
1024
1037
1013
977
877
873
886
883
840
818
856
925
1026
1036
1018
994
919
921
916
975
1004
1007
955
915
920
874
1066
862
864
881
905
865
905
1890
921
891
861
863
825
834
855
931
934
937
894
931
947
1040
1052
961
941
944
993
1042
1032
1009
952
960
951
953
937
976
1027
1055
1028
1036
1009
912
934
962
947
984
1001
1022
1043
1036
1026
1013
1043
1069
1046
990
903
910
924
969
1048
1048
959
980
953
923
956
978
984
894
933
905
892
907
892
879
850
915
890
911
931
885
889
890
973
1029
1017
933
960
1044
1001
971
987
990
1030
981
953
973
991
980
936
912
860
827
829
824
905
982
1015
1033
969
950
938
931
854
882
899
897
867
824
824
787
805
826
821
830
805
802
843
910
993
974
1088
1118
1076
981
944
889
884
895
900
896
844
852
884
892
261
588
828
862
878
874
898
869
827
830
839
794
817
837
859
906
1021
1090
1062
1009
1028
1019
945
997
1000
979
903
902
919
933
909
879
834
793
769
741
759
791
864
908
890
951
994
993
990
977
957
946
964
969
942
987
989
1011
1026
1035
1031
964
949
954
973
944
922
886
882
867
859
884
923
943
956
973
1003
1056
935
952
932
933
898
914
891
941
954
955
914
892
829
822
831
901
962
968
984
988
981
976
969
925
874
881
908
948
952
960
951
955
897
930
954
990
949
910
871
819
795
848
867
945
1029
1049
1030
1017
981
927
847
816
828
861
898
910
924
938
909
840
829
825
896
945
929
918
941
925
884
854
862
838
915
965
972
989
964