707
685
652
663
646
619
658
661
693
718
727
726
657
657
659
692
670
629
640
647
655
616
602
594
627
662
688
684
671
657
638
635
614
620
629
604
639
648
646
637
640
629
615
617
612
637
634
670
672
641
667
658
605
604
594
596
612
618
636
654
678
664
652
606
600
591
598
610
605
611
620
640
658
633
624
616
594
622
646
688
683
690
708
725
685
698
701
699
684
643
653
627
636
661
665
677
661
652
638
620
586
586
588
602
608
621
599
627
632
646
657
645
629
662
680
648
632
608
626
647
673
684
677
661
676
710
686
649
659
650
657
660
659
649
638
601
610
605
605
600
588
584
586
603
616
639
666
683
664
644
614
618
617
607
580
586
582
600
614
640
667
677
691
696
676
682
674
676
654
645
644
645
659
660
669
644
631
634
618
618
640
669
691
705
696
699
647
647
635
628
598
583
582
583
604
607
626
673
659
699
660
651
636
634
626
622
593
593
579
580
583
590
597
610
587
589
584
599
627
644
622
619
607
605
615
620
616
618
596
600
586
581
594
598
621
655
684
700
700
698
671
660
641
620
600
590
593
597
585
576
583
587
604
631
649
646
644
625
588
588
563
577
564
563
573
594
605
624
653
671
661
645
634
594
581
579
580
570
588
611
644
612
626
635
638
626
623
610
586
586
595
609
648
644
653
675
682
664
678
659
674
643
685
684
679
677
652
664
666
629
609
587
578
583
592
619
642
652
642
659
667
674
655
621
620
628
625
629
620
607
588
584
591
580
603
573
582
603
585
611
620
632
635
633
624
618
604
588
571
575
576
576
581
579
598
622
638
641
631
625
611
610
581
562
564
574
589
618
666
682
657
661
646
666
651
637
672
676
668
665
684
691
681
687
672
645
655
652
647
633
626
614
612
624
639
635
647
641
664
661
665
642
610
604
604
621
632
636
649
633
639
628
635
638
645
624
607
612
615
600
602
610
598
604
599
615
626
627
614
605
596
567
572
556
563
576
584
598
596
584
571
579
579
600
625
632
647
642
641
634
586
591
572
574
588
600
604
575
572
574
599
616
625
624
638
646
651
636
631
640
645
639
626
618
598
599
591
590
591
589