626
612
612
612
611
612
611
601
606
610
615
626
632
629
641
681
734
801
839
841
799
766
750
705
687
680
688
706
714
720
718
719
711
705
695
711
694
708
715
688
688
685
681
680
679
680
674
673
668
646
656
655
665
672
673
672
671
673
681
679
670
681
686
683
682
684
670
672
677
686
687
688
667
670
671
678
681
681
686
693
688
681
682
681
680
661
661
658
663
671
687
696
700
704
695
688
679
679
660
662
664
671
689
711
720
736
732
726
700
686
690
688
688
692
688
686
681
684
680
685
689
683
693
694
709
721
738
748
752
732
738
718
709
710
715
722
725
706
704
699
695
697
701
706
686
696
692
707
712
711
712
716
699
706
707
719
721
708
711
697
693
705
718
729
707
708
687
688
687
684
684
689
688
682
699
707
724
709
705
718
725
722
724
716
711
709
706
695
680
670
668
677
693
717
746
772
795
795
774
762
747
736
722
718
703
693
678
682
674
680
672
695
723
760
791
798
787
731
735
722
721
717
692
705
701
707
712
713
708
703
688
687
684
660
664
664
668
687
702
716
732
726
700
705
694
670
681
679
675
674
662
669
677
690
689
713
729
728
719
688
689
685
682
690
699
705
700
680
681
685
680
683
700
719
727
745
762
743
744
729
735
732
706
692
677
672
661
648
656
660
686
726
775
793
807
783
777
763
755
741
735
697
697
704
703
719
732
748
752
745
755
769
770
779
746
736
733
707
708
707
710
695
692
692
681
682
681
679
672
684
692
693
715
731
739
732
720
691
685
686
685
695
698
702
708
702
689
686
680
670
669
671
677
692
702
717
688
680
681
686
690
696
701
699
698
679
688
684
686
690
695
684
692
700
704
707
710
709
699
698
700
714
725
724
718
713
703
694
688
681
681
686
701
717
709
733
719
695
698
692
692
696
703
700
703
701
685
688
681
676
672
668
677
680
692
686
688
688
691
692
694
688
695
701
690
686
704
693
720
725
734
737
725