896
765
830
938
754
801
947
818
775
883
850
813
941
890
818
788
794
872
880
743
768
908
935
882
792
794
853
750
737
752
810
879
904
886
870
877
902
796
835
934
827
888
997
834
778
830
942
1006
1001
926
745
694
721
1021
832
899
921
1104
931
1007
915
936
999
906
979
922
979
993
970
912
840
759
781
883
969
858
771
818
852
864
841
753
746
786
798
792
904
958
891
1005
1024
926
979
867
1002
1037
934
999
1039
909
938
961
844
937
1000
914
1007
1049
914
964
1006
1054
936
982
1040
979
947
1007
970
964
1002
921
948
974
1001
951
984
869
934
945
844
925
1022
931
895
954
906
861
863
774
807
887
938
900
800
766
826
801
896
1002
944
979
990
973
878
826
846
905
925
943
950
830
855
946
899
958
966
980
910
832
882
900
902
989
886
938
932
886
940
904
902
954
922
872
908
864
829
895
869
888
916
884
901
836
836
899
875
924
862
947
987
920
950
919
858
823
771
760
778
754
743
789
844
857
867
852
809
787
704
686
677
728
860
810
761
819
895
936
830
850
856
856
845
759
783
852
901
873
849
913
822
805
885
921
788
820
984
887
944
995
962
850
830
917
851
855
995
872
893
951
838
939
861
872
928
823
852
832
823
874
927
915
896
846
817
742
737
747
719
746
888
889
921
995
878
936
912
810
838
872
909
881
892
775
742
824
864
806
939
869
917
953
819
841
883
793
863
876
919
813
785
724
727
834
831
865
899
809
888
839
800
862
844
852
899
802
819
876
813
874
976
887
975
988
842
859
895
854
853
901
892
928
939