478
483
488
494
496
498
497
495
502
514
530
554
584
613
618
607
595
582
604
616
626
632
633
613
596
591
595
609
612
594
562
540
550
575
597
613
609
609
612
635
646
650
649
646
637
629
620
605
588
577
576
588
609
631
642
649
652
664
659
652
642
634
626
614
597
585
590
612
638
658
659
659
660
654
630
603
579
565
575
604
642
669
678
680
661
657
636
608
588
571
577
593
618
646
656
662
652
643
623
612
594
583
573
567
567
583
607
634
657
664
665
648
632
614
603
589
577
565
565
575
591
609
620
614
620
615
607
607
589
575
562
556
560
566
577
592
602
607
605
604
605
599
593
586
581
563
556
557
561
564
568
575
583
586
582
580
579
578
581
580
579
574
565
557
554
565
576
588
592
604
604
594
590
582
581
574
572
573
578
576
569
562
550
545
549
557
564
571
574
579
582
582
582
581
582
577
579
573
560
552
550
554
563
566
573
565
562
555
556
553
555
556
554
548
543
540
538
541
543
550
560
570
570
572
572
576
575
566
563
559
552
553
550
554
561
567
573
573
577
570
569
563
557
549
541
536
536
536
542
545
546
550
551
550
549
551
547
545
538
534
533
534
540
545
550
553
559
559
554
552
548
544
544
547
546
548
554
557
561
563
559
560
555
548
540
533
531
533
540
545
548
555
557
561
563
557
559
553
560
563
560
553
545
542
544
546
546
548
547
559
577
587
582
583
578
578
573
574
568
561
550
543
537
533
534
537
545
552
562
561
565
567
567
566
560
553
545
543
549
553
552
549
544
542
546
549
545
548
546
547
551
559
570
578
579
581
577
570
557
550
542
540
540
540
543
540
540
539
536
538
545
546
550
551
548
548
541
540
534
532
534
534
536
543
549
553
554
549
551
545
541
538
537
539
541
546
548
553
557
562
568
567
570
564
559
556
555
556
556
559
562
558
553
553
552
540
534
530
527
527
526
525
529
530
531
534
539
545
556
563
568
573
572
574
579
579
574
574
572
566
560
558
550
547
540
540
539
540
544
549
559
568
575
567
570
573
574
575
572
567
564
565
564
569
575
575
576
579
581
581
578
581
579
573
571
570
573
574
576
580
583
586
585
585
582
582
578
575
575
575
572
572
570
571
572
574
572
573
572
569
569
567
563
561
559
557
556
558
563
566
568
571
569
566
561
559
556
554
550
554
552
554
559
555
559
557
560
561
563
566