906
851
908
913
918
896
837
825
857
799
841
907
884
834
862
899
880
821
847
775
715
727
782
871
885
867
835
790
790
861
788
839
816
836
855
844
817
745
753
732
754
791
831
830
890
894
862
899
874
911
915
923
886
909
872
896
930
898
897
931
893
925
885
856
884
850
896
884
837
916
871
892
911
864
903
878
856
916
879
857
937
883
876
919
867
908
905
831
897
856
908
909
848
912
896
822
880
854
855
922
846
894
895
850
897
872
877
891
846
907
870
824
880
882
837
899
879
832
870
838
805
863
847
841
899
869
869
914
839
881
883
821
877
895
842
897
873
854
903
857
848
864
818
833
921
882
944
917
896
928
862
875
865
824
904
874
888
916
871
913
875
850
864
814
869
828
895
887
860
916
891
859
897
909
828
874
878
819
890
900
825
870
888
829
856
873
804
844
867
812
840
844
786
831
849
759
728
717
799
819
844
767
729
794
840
771
742
810
838
841
762
802
813
756
824
854
878
863
887
877
880
868
766
740
715
671
760
903
833
903
879
949
891
941
907
898
895
860
860
914
881
851
913
867
912
854
869
892
868
905
917
857
902
854
841
894
843
903
896
875
892
855
891
895
862
905
871
917
933
932
886
875
907
873
872
900
854
897
913
915
874
901
934
921
931
923
855
861
906
934
866
921
949
897
908
906
846
864
857
871
896
898
827
903
937
885
916
905
847
880
845
820
850
872
838
798
859
816
796
840
824
791
834
831
771
830
851
776
759
804
838
771
802
841
785
812
813
784
832
857
798
838
841
803
845
857
824
895
890
817
866