669
686
688
665
650
644
638
666
691
664
653
648
642
654
677
646
634
637
658
614
631
651
642
652
655
641
625
625
611
630
650
655
650
681
684
642
645
640
671
642
627
617
628
632
619
624
617
613
628
627
713
699
693
695
704
654
627
610
603
581
589
607
600
602
607
598
591
586
620
627
664
649
627
630
629
664
685
696
699
680
661
674
688
699
722
706
694
675
687
688
685
705
729
731
700
700
693
714
706
674
656
653
646
683
696
702
701
695
650
678
685
694
653
646
646
637
618
606
636
634
639
622
629
653
671
673
648
652
684
669
662
655
659
680
673
655
661
650
657
656
667
656
665
667
636
652
608
608
604
623
643
641
638
605
621
639
642
657
678
632
629
630
634
637
639
638
631
607
618
625
617
619
638
643
638
651
650
652
673
678
701
709
718
688
673
673
701
693
701
686
682
693
723
713
698
667
647
646
653
714
732
727
738
704
715
706
689
677
649
650
640
646
685
688
704
698
655
643
642
628
646
685
702
697
691
675
659
654
635
629
626
617
608
589
615
667
661
662
671
641
634
685
662
673
645
643
659
662
670
646
655
638
644
637
627
608
598
589
597
618
621
642
636
645
649
662
676
666
671
664
657
649
616
605
589
608
615
613
608
635
650
675
659
641
653
639
635
640
629
614
591
590
592
598
605
628
658
648
642
637
636
619
628
650
658
658
639
624
601
601
619
631
668
691
720
703
698
693
717
735
736
714
695
688
697
703
696
690
706
717
742
750
740
710
683
688
684
704
675
684
681
675
698
685
672
683
716
736
730
716
690
648
655
649
660
664
696
707
700
687
664
646
642
655
682
709
713
682
672
663
688
685
663
677
658
659
674
693
680
660
635
637
638
650
702
706
687
665
658
647
661
668
657
674
649
673
673
686
701
690
664
669
659
678
700
688
691
652
675
657
664
647
654
645
610
623
686
680
674
670
656
662
705
695
709
680
667
665
659
671
659
673
669
656
670
667
671
673
656
684
688
704
736
729
730
699
685
664
655
684
690
694
705
684
686
671
665
687