454
328
4049
636
650
674
756
753
747
780
828
789
799
801
748
754
799
755
763
785
799
808
802
737
736
721
714
739
781
818
823
801
766
778
793
737
733
725
715
715
730
744
755
804
830
794
792
825
872
844
777
764
793
783
762
780
846
857
815
815
854
848
799
794
854
906
849
813
837
879
843
794
796
787
811
783
798
859
919
877
849
872
889
850
822
836
844
825
854
886
872
838
851
808
780
789
817
804
766
774
898
996
966
869
825
840
874
907
881
823
774
798
902
931
871
836
876
931
940
875
884
899
854
791
808
855
895
871
882
896
859
806
825
866
864
848
869
885
836
847
864
852
820
845
857
833
829
843
831
807
829
850
829
838
881
878
819
809
804
767
727
725
753
905
918
860
874
881
835
828
813
790
767
777
810
809
843
894
876
871
880
873
804
794
817
822
784
795
828
836
820
849
865
827
828
835
821
779
771
779
833
863
827
821
822
810
783
787
828
855
805
805
848
856
814
830
785
748
769
760
767
801
848
825
814
833
856
820
845
867
839
802
809
808
771
736
758
854
941
892
864
875
852
802
798
801
786
787
802
829
800
805
825
813
783
792
820
816
804
825
849
820
818
826
829
799
796
827
835
822
853
872
821
777
769
825
856
832
845
858
856
815
816
840
837
811
843
869
853
819
840
839
772
761
785
816
803
814
841
881
883
827
785
776
789
823
814
785
809
886
904
864
878
878
841
795
803
828
822
794
807
831
828
788
801
820
808
781
783
808
792
794
829
866
825
845
865
834
804
827
838
798
791
799
808
774
735
737
747
792
832
833
789
798
809
824
801
795
816
834
807
811
822
834
788
755
766