680
692
723
722
698
696
740
788
791
820
833
807
755
718
733
769
791
709
684
726
752
750
751
799
844
872
873
870
868
851
801
773
764
821
850
845
869
871
840
812
722
710
713
646
714
727
807
796
791
767
731
775
748
814
752
825
835
846
766
688
747
798
808
856
742
709
750
757
800
725
756
794
820
844
844
830
788
760
759
753
768
753
760
757
688
750
773
735
708
769
794
820
833
820
851
836
829
771
784
803
787
802
820
784
773
771
735
815
804
819
761
753
783
775
752
794
841
849
870
881
825
803
840
837
802
827
844
865
836
814
832
852
806
837
820
841
860
864
819
825
841
813
835
860
837
858
831
809
832
823
855
827
816
855
872
845
862
876
882
857
839
818
747
716
695
695
718
749
810
849
826
797
785
747
742
725
695
661
647
655
655
646
647
633
615
604
600
601
631
642
649
656
723
762
778
778
752
747
763
771
750
742
760
752
757
739
722
709
695
709
741
761
761
747
739
726
734
741
737
752
789
783
713
724
726
751
796
833
843
827
814
796
772
749
744
762
796
834
786
763
792
870
910
916
883
850
835
801
783
738
726
721
722
771
745
719
691
674
687
724
749
766
760
744
709
691
681
688
712
731
696
719
722
733
731
731
724
716
719
669
669
685
719
741
760
769
776
760
707
669
681
732
786
839
839
809
788
769
742
718
749
817
848
875
884
850
827
820
805
789
769
714
713
695
730
709
722
739
729
746
703
685
751
759
789
758
731
747
734
695
683
668
678
706
706
707
706
728
752
749
708
688
696
729
757
768
765
725
722
711
730
757
758
760
778
786
795
723
684
689
729
818
821
820
827
798
780
767
776
795
718
720
743
787
777
770
726
683
688
682
679
709
735
759
777
811
829
812
779
766
738
738
746
761