770
785
785
805
854
912
889
845
824
852
868
887
918
912
913
891
884
844
852
870
865
895
899
926
935
915
925
894
898
898
889
922
930
925
931
899
915
899
891
902
895
880
882
867
870
874
873
898
897
890
907
903
884
894
879
870
865
844
859
858
861
869
865
876
882
869
880
871
851
861
860
852
870
868
861
873
870
865
878
870
869
853
832
851
853
855
876
887
884
897
896
872
870
869
855
864
870
859
859
869
861
852
836
820
827
824
812
820
818
813
830
844
855
858
824
806
782
776
781
805
825
831
850
853
848
866
861
855
867
884
885
901
901
888
870
843
823
826
824
815
825
836
842
850
844
843
859
848
868
871
860
861
854
838
829
846
862
859
868
880
879
884
885
872
879
877
868
873
873
868
867
842
834
843
851
861
863
880
892
877
893
887
864
858
874
878
870
878
876
869
851
830
824
824
811
830
845
847
880
874
868
866
856
822
817
819
818
815
806
794
805
811
811
829
865
875
896
907
887
848
852
837
832
816
809
800
796
813
825
828
827
811
816
794
784
793
795
795
826
865
892
903
926
923
902
908
896
886
897
908
890
892
857
857
852
836
838
829
800
809
796
803
808
802
790
777
806
871
914
892
862
864
876
886
897
905
912
884
900
889
877
864
835
840
822
828
824
830
869
916
951
971
975
971
966
949
934
928
898
900
901
899
894
910
897
877
894
893
891
875
836
829
830
835
844
873
890
904
902
912
920
908
892
873
862
841
833
815
801
768
777
773
761
776
794
815
824
850
866
845
857
860
837
845
838
800
792
800
807
817
789
787