595
603
588
570
588
602
612
611
630
667
684
665
640
628
646
678
695
683
703
722
720
698
688
707
728
735
742
733
715
715
707
693
698
704
707
698
699
723
725
720
724
717
701
691
706
736
729
719
735
740
737
718
724
728
726
738
729
699
689
657
665
673
668
655
663
682
687
695
705
737
729
725
755
739
741
721
683
679
681
672
670
679
706
690
691
692
729
737
730
704
678
666
661
670
667
648
638
633
658
714
762
745
760
770
773
731
718
726
742
724
719
739
770
768
739
732
739
748
728
722
725
729
737
722
708
719
739
749
743
760
758
755
729
729
732
755
752
746
757
750
730
719
727
739
731
726
734
737
731
720
738
732
715
713
734
743
728
700
707
714
729
721
698
691
695
697
706
704
699
721
748
766
743
729
716
722
733
744
738
741
738
730
716
705
710
727
720
710
715
729
736
723
724
732
732
738
734
746
755
747
722
730
742
756
733
736
726
700
699
715
727
729
710
688
688
696
696
704
701
696
679
673
676
679
694
721
728
729
731
728
716
729
717
702
693
712
741
745
725
736
752
746
747
736
723
715
679
662
655
659
656
665
678
700
712
732
770
751
749
750
725
717
709
709
705
706
693
697
734
741
714
708
726
725
751
800
765
757
753
756
739
693
664
663
673
692
700
740
690
735
725
715
676
679
656
676
679
712
710
746
754
747
750
733
738
724
723
744
765
773
776
775
787
754
748
729
731
697
686
681
683
670
689
703
713
696
718
728
733
741
800
791
777
758
753
734
748
744
734
741
751
751
753
763
754
726
710
696
693
700
706
705
669
671
663
666
686
713
747
709
740
739
720
726
724
722
717
733
729
710
692
681
672
638
601
607
608
633
666
691
679
672
715
695
697
696
668
670
676
682
691
683
700
730
725
769
759
776
765
779
771
771
742
733
726
725
721
760
772
779
746
740
735
718
732
729
745
740
729
752
777
737
688