745
788
788
755
732
674
653
643
672
824
854
850
826
755
688
651
643
691
854
882
895
880
822
789
723
703
691
680
721
743
786
851
855
816
780
794
790
707
680
674
707
754
762
760
759
763
684
659
684
708
740
718
690
673
679
682
708
710
697
674
669
697
692
678
688
700
694
668
664
685
674
655
647
672
702
685
657
645
658
671
665
659
649
675
729
732
679
694
698
674
656
650
664
633
610
622
674
844
851
773
755
736
730
717
696
687
702
745
686
660
652
664
705
720
691
702
735
721
685
676
698
715
689
669
672
729
740
708
700
707
707
696
695
670
667
667
689
680
673
670
653
675
649
646
637
654
709
758
748
701
678
650
626
619
634
671
704
726
768
778
780
772
738
677
649
637
645
661
707
817
819
819
782
777
735
673
652
644
650
701
786
835
882
885
850
793
721
687
673
640
622
633
698
806
784
732
697
688
698
711
722
713
725
678
646
645
667
690
692
669
687
714
739
683
667
654
660
688
666
646
635
640
658
674
662
640
620
601
599
614
656
674
687
660
633
611
607
623
673
683
653
621
616
604
608
634
673
731
738
702
673
664
641
626
619
610
604
597
608
642
718
750
750
752
698
660
631
628
636
655
660
661
666
699
711
727
716
671
644
635
639
644
662
656
658
657
637
626
628
614
620
624
623
611
610
617
659
681
679
681
659
633
607
576
565
551
551
596
701
706
675
643
639
668
720
756
724
697
693
682
677
665
656
659
695
791
781
756
719
686
688
733
764
770
747
703
691
666
643
632
628
652
690
729
732
697
681
669
661
654
656
661
663
658
664
636
608
590
577
570
578
685
867
812
731
691
674
663
634
622
627
629
665
720
710
668
642
640
661
673
689
716
728
719
686
658
652
657
641
633
634
646
635
625
645
684
723
774
744
708
694
669
667
649
641
629
620
617
630
641
733
771
737
669
640
612
612
604
601
590
584
582
571
563
565
584
623
659
676
688
711
711
694
675
697
712
691
659
645
631