669
678
701
739
712
708
720
691
679
693
712
689
679
690
687
677
697
695
665
660
654
624
626
652
656
655
685
703
681
662
648
652
643
632
636
645
662
654
650
664
716
735
694
686
687
679
650
647
664
677
660
648
671
679
640
645
662
649
646
671
673
653
662
681
664
652
663
674
669
682
707
692
668
670
671
641
646
661
678
664
661
675
682
650
661
670
682
668
667
685
689
655
679
707
690
682
698
686
655
633
643
651
647
654
678
729
729
709
699
691
669
646
660
668
652
637
675
698
699
668
702
711
686
669
664
681
645
640
657
686
680
674
694
702
684
680
694
688
656
653
662
667
646
653
670
702
679
665
675
684
642
655
703
700
684
696
732
713
691
705
708
662
673
679
700
679
685
698
690
666
663
685
685
651
642
672
710
675
685
702
690
679
697
704
674
648
671
666
664
650
668
684
661
657
685
701
680
659
673
676
653
656
676
680
668
660
694
761
691
691
707
702
677
708
719
718
698
674
695
699
655
667
690
724
665
665
680
685
655
692
707
725
703
706
700
672
644
653
654
646
639
658
721
736
710
712
731
686
679
688
689
658
660
684
716
701
683
679
679
655
651
654
665
665
666
690
736
684
681
685
666
652
661
677
679
647
660
681
677
662
677
688
662
651
660
670
661
647
664
688
678
661
673
694
675
663
677
679
658
657
680
695
659
666
692
710
682
686
696
688
664
666
674
661
651
668
692
687
673
678
699
665
660
675
684
671
657
670
685
662
655
676
698
664
674
689
688
660
667
675
678
655
666
679
692
669
678
695
699
659
674
685
690
675
680
713
724
705
694
722
729
694
683
686
688
657
659
689
703
691
670
681
694
690
656
666
673
675
663
654
679
710
676
664
670
680
691
667
668
685
709
694
675
695
697
672
682
694
710
675
678
692
703
679
682
694
708
688
694
705
688
682
692
694
666
674
698
712
688
684
694
679
663
667
688
695
679
716
754
721
715
730
740
698
688
690
679
647
661
662
695
679
673
715
704
688