666
656
654
642
633
570
690
1305
682
713
737
745
759
769
1564
780
770
758
750
746
752
753
756
766
773
771
763
750
745
734
732
729
735
738
759
791
803
809
803
797
810
821
793
791
788
777
772
774
773
766
765
769
771
769
766
766
763
756
759
764
771
773
784
800
801
799
799
798
781
757
755
755
753
759
784
818
822
831
832
849
851
855
844
852
847
837
839
847
841
838
831
810
800
806
823
839
845
851
843
841
853
861
868
853
848
835
828
814
810
793
768
767
772
773
786
797
804
800
803
801
797
794
797
792
789
802
808
811
815
825
820
815
817
820
822
821
830
833
830
836
849
855
857
871
878
867
859
862
858
845
834
828
799
782
785
783
793
801
804
809
823
825
831
826
821
823
825
822
818
817
821
821
819
822
835
861
875
884
872
868
858
846
850
867
874
876
874
878
896
881
866
856
857
856
852
845
598
1081
837
834
841
848
841
841
844
843
850
852
854
854
849
844
851
849
850
846
851
850
847
847
847
856
849
847
851
853
853
846
837
840
840
842
830
822
816
828
840
831
820
816
820
799
781
793
799
802
809
807
812
818
817
820
815
818
819
834
834
835
840
841
839
834
835
844
853
849
847
848
844
839
847
838
835
841
843
839
834
835
834
830
828
829
837
849
850
854
846
813
819
816
813
827
827
821
824
827
831
834
843
846
854
852
853
855
853
840
841
846
840
844
851
846
840
840
841
832
830
834
832
827
822
832
842
842
841
846
840
837
832
832
843
848
849
854
860
865
855
855
851
839
837
837
844
849
851
858
885
892
880
877
871
863
855
852
851
840
845
858
889
886
835
835
849
859
889
900
880