560
595
646
638
623
613
661
709
671
640
637
662
647
647
685
815
714
714
655
647
680
731
710
667
652
672
880
858
773
669
642
649
846
856
734
754
748
663
625
615
615
680
817
864
848
751
672
647
678
773
850
731
724
866
882
855
795
772
879
936
908
831
753
717
793
868
746
720
707
708
659
648
663
715
758
713
717
733
765
731
721
733
806
801
747
738
770
731
684
704
736
678
696
674
658
628
611
602
632
652
654
702
766
746
686
661
662
693
764
725
710
691
708
745
723
679
683
706
739
707
688
691
751
775
720
694
692
676
646
639
626
636
621
622
625
642
670
648
646
659
667
675
631
643
636
648
660
652
628
608
613
618
639
642
646
673
698
665
667
643
640
637
652
661
629
617
612
635
677
713
674
661
676
705
677
656
639
642
641
659
641
623
623
611
611
603
615
638
662
664
664
670
672
667
633
617
608
609
634
651
626
621
604
592
586
590
597
588
593
585
599
602
607
612
603
590
583
588
594
588
603
612
638
657
661
643
611
597
595
605
650
684
651
647
674
727
717
688
695
703
662
664
657
620
626
620
638
652
652
646
618
597
599
615
635
658
666
640
610
610
618
630
607
619
619
623
624
622
601
588
590
607
620
640
640
619
614
610
611
595
587
585
593
591
607
626
648
646
663
691
716
687
648
642
648
655
690
727
735
707
710
737
745
696
697
711
687
671
642
656
741
794
720
733
758
761
716
685
683
718
764
741
725
736
791
756
694
668
669
697
746
797
754
708
727
729
729
716
700
703
718
738
731
703
701
684
686
726
753
769
711
691
683
728
764
784
788
753
707
683
688
749
816
816
758
703
681
704
755
777
738
727
710
740
798
756
717
698
708
744
791
834
813
753
743
779
822
809
775
763
732
737
773
805
810
774
729
724
734
777
828
813
778
736
746
771
769
734
718
719
747
751
734
703
696
715
719
742
722
717
702
750
809
771
729
684
685
710
795
823
774
735
704
729
790