900
943
979
1053
1098
1132
1167
1124
1123
1076
1104
1052
1069
1081
1034
1073
1131
1121
1078
991
968
939
938
914
901
929
990
982
1034
1033
999
915
921
877
928
988
957
992
1036
1014
1043
1033
1039
1077
1065
1041
1087
1081
1038
1074
1045
1075
1104
1079
1117
1071
1104
1091
1056
1034
1029
1044
1034
1063
1105
1061
1032
1069
1068
1063
1087
1079
1123
1129
1045
1049
1083
1053
1054
1093
1093
1027
1069
1037
1089
1060
973
954
1051
1135
1139
1126
1143
1120
1074
1095
1099
1045
1062
1117
1141
1134
1123
1091
1102
1014
1012
1021
1027
1025
1035
1071
1087
1056
1067
1031
977
981
962
942
901
979
987
1063
1090
1007
1017
997
967
932
888
908
926
1062
1116
1181
1117
1153
1098
1091
1078
1028
1067
1086
1016
1037
1027
1017
1059
1058
1070
1027
1069
1053
1021
1001
982
917
936
956
975
978
905
925
938
942
1005
1047
1099
1133
1098
1095
1068
1074
1024
1049
1075
1070
1023
1059
1077
1030
1068
1039
1034
1102
1104
1017
1033
978
1001
980
1033
1040
1017
1035
1038
950
944
958
945
961
896
941
942
987
986
983
1004
968
999
995
957
991
979
1038
1032
1030
1023
1063
1070
1004
1007
980
985
1003
1032
1065
1066
1011
1036
1036
1011
961
949
972
1025
1082
1022
1050
1033
1063
1045
1071
1093
1035
1040
1057
1014
1016
983
1023
1081
1095
1069
975
995
966
964
1015
1077
1091
1075
1019
1009
961
979
991
941
972
1007
989
989
974
926
954
976
928
979
1007
990
958
1028
1022
1004
1016
1016
967
929
909
985
1019
962
993
1021