923
911
940
951
915
920
924
919
918
889
931
945
949
974
981
954
964
962
934
946
954
926
947
969
938
943
952
932
939
974
970
946
979
971
945
947
922
937
965
979
966
999
987
978
985
983
941
961
958
939
959
974
948
983
1005
980
1018
997
966
993
992
949
961
935
958
981
967
984
1019
1025
1028
1043
1014
1021
1022
1010
1013
965
967
969
952
962
997
1008
990
1006
977
961
981
973
944
967
991
950
960
968
928
949
962
948
955
973
972
980
1000
977
925
944
969
944
967
980
949
998
1025
987
1003
978
979
1002
973
956
880
851
871
891
928
952
929
966
1000
987
994
975
963
979
1015
1010
1005
1006
961
990
1014
993
1023
1051
1028
1025
1027
1010
979
1010
1019
1016
1044
1011
1012
1034
1036
994
1024
1046
1017
1000
1044
1055
1075
1051
1022
959
974
995
992
952
979
999
977
999
1035
1025
1006
1050
1027
1016
1036
994
991
1017
1012
991
1017
1030
998
1024
1039
992
1018
1032
986
1017
1018
969
1004
1013
985
995
980
946
944
950
922
947
985
982
994
1006
966
983
1013
979
994
1009
980
977
989
962
978
1023
1007
979
1008
1010
971
1007
1020
989
954
876
890
914
941
977
973
949
970
971
956
916
935
922
945
971
960
993
973
997
1001
981
931
945
957
953
967
976
984
988
1005
1015
1059
1017
1043
1057
984
992
1001
996
948
957
951
925
948
968
961
988
1014
998
944
873
895
983
1028
1001
1057
1104
1034
1021
1007
980
989
989
968
982
994
979
995
987
952
972