830
910
873
2823
949
985
983
909
912
919
891
3601
875
878
873
871
847
837
807
842
871
853
884
909
849
887
882
870
855
916
926
913
940
885
891
904
842
888
917
845
896
964
869
905
868
884
872
815
803
797
862
851
921
929
883
914
960
904
907
896
916
911
889
924
956
922
993
946
945
950
922
920
967
923
880
991
1000
981
985
1011
944
935
956
926
941
955
921
915
914
820
765
791
852
923
895
905
913
860
869
871
824
867
900
896
884
899
913
847
875
886
847
886
912
854
907
934
898
838
770
830
943
974
981
927
938
930
869
855
848
860
802
798
816
853
845
836
837
798
769
799
825
795
860
876
875
859
825
799
773
730
748
800
854
817
853
853
852
826
813
789
779
807
819
833
819
813
786
789
813
850
885
971
1020
969
976
1002
978
938
950
923
894
852
895
949
898
869
901
907
864
824
773
794
808
799
854
834
896
889
872
841
802
741
748
713
768
779
779
775
789
794
817
852
842
854
839
831
807
761
768
776
790
799
799
795
811
786
799
787
747
768
749
795
807
805
794
771
758
729
700
721
726
751
771
775
784
814
771
798
794
823
840
856
813
813
819
862
868
855
809
808
798
813
831
829
813
866
938
967
966
984
938
877
901
909
885
893
876
841
805
876
913
848
824
883
899
893
897
890
874
830
862
835
846
851
843
854
825
857
898
869
859
843
828
789
807
843
839
880
927
891
872
878
851
893
865
929
956
960
988
897
901
890
851
816
807
810
879
903
897
858
881
922
870
882
831
780
719
742
741
773
777
831
891
861
906