633
643
646
619
611
604
588
586
578
567
567
568
574
582
589
587
598
604
618
624
617
607
606
610
613
610
609
596
590
585
588
587
587
588
590
601
604
617
635
621
608
607
609
614
612
605
593
575
564
578
600
622
614
607
620
632
641
645
646
633
634
639
640
640
620
608
604
608
626
623
604
588
594
617
633
657
665
631
621
598
608
616
627
639
627
602
587
597
610
624
632
616
601
603
611
620
628
620
607
600
616
631
644
647
621
602
586
595
599
603
604
595
590
598
608
615
611
611
612
622
618
620
604
598
592
593
593
588
583
575
579
591
582
576
580
587
598
600
609
590
595
597
589
590
583
576
567
553
551
552
544
546
549
549
548
555
563
578
584
590
595
579
573
571
572
575
577
589
606
625
639
645
641
622
619
620
622
627
628
621
613
619
628
634
652
651
641
625
614
622
625
631
634
626
611
601
601
609
622
629
633
622
627
625
618
616
617
618
622
625
609
594
593
592
598
604
596
592
593
598
602
599
583
583
571
570
573
578
580
583
585
590
602
620
618
617
621
626
629
644
641
628
619
619
615
607
604
599
599
604
605
606
595
589
588
590
599
598
603
594
592
598
603
605
601
595
599
597
600
593
585
587
588
591
582
582
586
591
595
589
589
590
596
595
592
585
577
569
557
553
552
553
555
568
585
600
612
609
621
640
646
650
634
615
614
622
624
622
602
590
587
589
592
588
585
578
580
582
586
590
591
582
576
577
576
575
578
576
570
575
573
577
578
582
589
585
585
584
591
594
601
598
598
595
607
613
620
620
616
606
600
595
596
599
598
598
599
597
592
585
570
563
564
569
585
603
608
617
627
636
625
627
626
619
627
625
632
627
622
626
626
630
618
613
614
622
625
626
630
635
626
623
621
622
621
627
610
601
599
601
607
604
601
603
604
606
608
609
609
606
599
599
600
609
616
613
604
592
586
584
600
610
619
628
636
643
640
640
624
618
622
627
629
620
601
595
591
594
604
605
614
610
610
604
600
600
598
600
594
598
603
605
610
599
593
589
588
591
594
601
603
599
604
611
613
619
628
621
606
611
609
621
631
639
626
634
640
648
652
631
621
619
607
606
602
600
592
585
586
595
612
627
630
634
642
644
632