833
864
863
869
919
981
984
964
952
989
1037
1063
1055
1030
988
971
955
926
963
997
954
895
868
873
892
907
886
868
847
847
806
787
872
933
1004
1024
998
965
991
1020
1035
1020
980
994
1025
1026
1011
976
926
849
845
893
896
914
878
869
909
954
1010
1045
1049
1045
1012
968
923
864
820
806
779
856
944
990
991
964
949
948
892
934
976
954
909
896
887
885
884
938
961
954
930
858
835
835
870
841
845
852
916
949
938
911
876
827
815
846
903
960
1008
1012
1004
1012
999
972
1010
1006
938
920
985
1045
1059
1056
1063
1039
1028
995
947
877
886
934
1002
957
948
972
994
1006
1018
1035
1063
1062
1049
1045
1021
1020
1022
967
929
941
1005
1037
1032
1000
953
973
960
914
948
1000
1011
1009
982
954
919
836
815
831
843
845
839
819
791
734
767
781
801
822
831
864
912
940
962
984
994
968
969
925
922
915
925
925
914
927
955
1002
947
958
977
994
971
885
887
927
947
922
897
887
854
875
930
978
1005
1012
1011
984
981
999
995
979
981
982
1005
1018
1006
988
983
1003
1005
994
975
970
985
992
994
949
939
956
939
916
896
917
984
1033
1068
1027
981
959
904
878
845
862
870
870
906
944
925
872
786
828
878
931
948
951
889
843
832
888
928
895
846
875
909
913
912
903
880
858
822
822
826
805
801
806
825
826
816
799
791
798
808
813
857
868
885
847
771
790
820
871
899
921
895
864
843
854
863
884
923
926
922
903
876
834
799
814
854
885
889
896
902
913
936
931
957
939
920
943
929
877