548
543
548
549
550
549
568
576
589
575
575
579
577
572
568
583
594
638
661
854
737
681
695
703
636
613
605
606
670
680
640
640
634
627
616
596
597
587
573
578
582
602
626
660
631
602
604
617
657
711
682
658
620
628
614
621
601
593
598
625
669
673
657
632
626
660
626
634
631
623
613
620
630
630
645
669
647
661
684
671
638
642
635
646
665
681
673
672
655
664
658
637
632
633
627
637
648
635
633
633
635
630
627
626
624
644
638
638
671
689
674
639
637
626
618
611
616
618
662
666
681
696
666
676
649
623
604
614
620
637
646
637
616
592
578
577
582
598
627
624
646
638
634
637
626
639
643
624
625
636
636
624
604
584
584
577
586
610
633
658
645
646
626
625
622
601
591
589
582
585
607
606
625
650
664
660
620
591
586
577
584
593
597
584
572
551
540
536
536
547
567
601
665
646
619
610
599
588
577
573
564
575
569
557
535
527
530
558
573
596
600
579
573
567
562
559
551
563
569
597
624
612
602
590
570
562
552
549
540
537
548
553
560
572
608
600
589
573
554
531
534
529
546
586
635
660
628
604
578
560
555
564
622
613
614
605
616
604
607
597
605
585
566
558
549
548
544
547
537
527
520
515
504
503
502
524
583
658
670
706
697
642
636
621
630
636
681
706
695
661
656
664
668
679
667
640
602
592
584
575
576
583
592
601
626
638
677
668
654
620
592
580
587
607
656
696
683
662
647
608
600
603
615
626
615
624
623
631
651
640
623
622
611
604
605
618
632
661
658
628
610
609
623
630
626
628
637
650
646
621
608
601
593
599
596
604
604
612
618
624
604
621
611
597
589
593
595
600
624
619
620
616
629
634
627
617
619
607
627
617
621
620
604
594
597
607
627
613
630
615
637
622
633
632
615
584
589
583
593
605
592
580
577
574
565
571
572
586
595
609
586
573
562
556
549
548
531
534
535
545
565
573
572
556
541
540
533
526
513
514
534
552
578
581
593
595
593
594
597
601
608
596
583
589
587
580
588
582
586
595
582
583
568
548
542
550
556
581
599
599
616
622
633
646
656
646
650
626
589
581
571
590
637
630
629
614
599
584
581
593
601
605
605
610
611
610
604
603
594
603
726
787
709
694
661